49.34,103,3.00
49.49,103,7.00
49.67,103,11.00
49.51,103,19.00
50.48,103,38.00
51.39,103,59.00
48.62,103,78.00
48.56,103,98.00
48.84,103,117.00
49.70,103,139.00
49.83,103,159.00
50.52,103,181.00
50.70,103,201.00
52.00,103,222.00
51.19,103,242.00
50.10,103,264.00
50.97,103,284.00
51.41,103,305.00
50.19,103,326.00
49.76,103,347.00
50.81,103,367.00
49.70,103,389.00
53.14,103,409.00
51.06,103,430.00
54.45,103,451.00
49.76,103,472.00
50.97,103,492.00
49.38,103,513.00

51.62,103,534.00

51.30,103,555.00

51.84,103,576.00

51.08,103,596.00

52.33,103,617.00

53.47,103,638.00

49.65,103,659.00

51.66,103,679.00

50.63,103,700.00

53.31,103,721.00

50.08,103,742.00

53.03,103,762.00

50.65,103,784.00

50.16,103,804.00

51.19,103,825.00

51.55,103,846.00

50.54,103,867.00

51.93,103,887.00

51.33,103,909.00

54.99,103,929.00

50.21,103,950.00

49.40,103,970.00

49.27,103,992.00

49.70,103,1012.00

49.23,103,1034.00

49.23,103,1056.00

49.60,103,1078.00

54.94,103,1100.00

54.94,103,1122.00

49.27,103,1143.00

51.41,103,1165.00

51.68,103,1187.00

51.66,103,1209.00

50.65,103,1230.00

51.57,103,1253.00

52.06,103,1274.00

51.08,103,1296.00

51.51,103,1318.00

51.84,103,1340.00

50.92,103,1361.00

50.75,103,1384.00

50.25,103,1405.00

50.84,103,1427.00

50.25,103,1449.00

50.10,103,1471.00

49.87,103,1492.00

49.43,103,1515.00

49.98,103,1537.00

50.65,103,1558.00

47.64,103,1580.00

50.32,103,1602.00

49.78,103,1624.00

48.42,103,1645.00

48.15,103,1668.00

47.10,103,1689.00

47.50,103,1711.00

47.32,103,1733.00

46.61,103,1755.00

47.44,103,1776.00

46.99,103,1799.00

47.93,103,1820.00

47.28,103,1842.00

48.04,103,1864.00

50.16,103,1886.00

47.59,103,1907.00

46.86,103,1930.00

51.13,103,1951.00

47.70,103,1973.00

51.62,103,1995.00

50.97,103,2017.00

50.97,103,2038.00

50.63,103,2061.00

51.41,103,2082.00

52.49,103,2105.00

51.08,103,2126.00

50.75,103,2148.00

49.27,103,2169.00

51.17,103,2192.00

51.68,103,2213.00

49.89,103,2235.00

51.22,103,2257.00

56.08,103,2279.00

51.39,103,2300.00

51.99,103,2323.00

51.44,103,2344.00

50.21,103,2366.00

49.92,103,2388.00

49.76,103,2410.00

49.65,103,2432.00

49.45,103,2454.00

48.78,103,2476.00

49.60,103,2497.00

49.32,103,2520.00

48.84,103,2541.00

48.08,103,2563.00

48.51,103,2585.00

48.46,103,2607.00

48.13,103,2628.00

48.73,103,2651.00

50.37,103,2672.00

50.03,103,2694.00

50.14,103,2716.00

50.30,103,2738.00

49.29,103,2759.00

50.25,103,2782.00

50.36,103,2803.00

51.41,103,2825.00

52.87,103,2847.00

53.31,103,2869.00

49.92,103,2890.00

52.53,103,2913.00

50.68,103,2934.00

51.41,103,2956.00

51.33,103,2978.00

50.86,103,3000.00

51.24,103,3021.00

49.38,103,3043.00

52.11,103,3065.00

52.22,103,3087.00

51.24,103,3109.00

51.08,103,3131.00

51.84,103,3152.00

48.13,103,3174.00

47.97,103,3196.00

47.97,103,3218.00

48.51,103,3239.00

47.48,103,3262.00

47.48,103,3283.00

48.09,103,3305.00

50.41,103,3328.00

50.52,103,3349.00

51.22,103,3371.00

50.25,103,3393.00

51.08,103,3415.00

54.61,103,3437.00

51.06,103,3459.00

51.01,103,3480.00

51.03,103,3502.00

49.98,103,3524.00

50.30,103,3546.00

50.81,103,3567.00

48.02,103,3590.00

47.97,103,3611.00

48.46,103,3633.00

48.67,103,3655.00

49.00,103,3677.00

49.49,103,3698.00

49.43,103,3721.00

48.62,103,3742.00

49.05,103,3764.00

49.61,103,3786.00

47.42,103,3808.00

46.81,103,3829.00

47.04,103,3851.00

47.32,103,3873.00

48.67,103,3895.00

50.14,103,3917.00

47.15,103,3939.00

46.92,103,3960.00

47.21,103,3982.00

47.53,103,4004.00

48.84,103,4026.00

49.72,103,4048.00

49.00,103,4070.00

49.11,103,4091.00

49.72,103,4114.00

49.56,103,4135.00

49.32,103,4157.00

48.84,103,4179.00

49.43,103,4201.00

52.87,103,4222.00

50.46,103,4245.00

50.90,103,4267.00

50.90,103,4288.00

50.36,103,4311.00

52.44,103,4332.00

49.11,103,4354.00

48.13,103,4375.00

48.73,103,4398.00

48.08,103,4419.00

49.23,103,4441.00

48.51,103,4463.00

47.55,103,4485.00

47.53,103,4506.00

50.19,103,4529.00

47.26,103,4550.00

47.37,103,4572.00

47.75,103,4594.00

47.42,103,4616.00

47.70,103,4637.00

47.80,103,4660.00

50.14,103,4681.00

49.92,103,4703.00

49.54,103,4725.00

50.92,103,4747.00

49.22,103,4768.00

48.24,103,4791.00

50.70,103,4812.00

50.92,103,4834.00

48.78,103,4856.00

49.27,103,4878.00

48.53,103,4899.00

49.38,103,4922.00

51.39,103,4943.00

50.27,103,4965.00

50.70,103,4987.00

52.55,103,5009.00

51.03,103,5030.00

50.03,103,5053.00

49.11,103,5074.00

50.84,103,5096.00

51.12,103,5118.00

50.63,103,5140.00

50.68,103,5161.00

49.00,103,5184.00

51.82,103,5206.00

50.03,103,5227.00

49.70,103,5250.00

49.60,103,5271.00

50.08,103,5293.00

49.98,103,5315.00

48.62,103,5337.00

50.03,103,5358.00

50.90,103,5381.00

54.18,103,5402.00

51.50,103,5424.00

48.93,103,5446.00

48.78,103,5468.00

49.11,103,5489.00

49.16,103,5512.00

47.80,103,5533.00

47.79,103,5555.00

49.54,103,5577.00

49.98,103,5599.00

49.76,103,5620.00

47.70,103,5642.00

47.93,103,5664.00

49.11,103,5686.00

50.79,103,5708.00

48.67,103,5730.00

47.70,103,5751.00

48.18,103,5773.00

47.97,103,5795.00

47.97,103,5817.00

48.89,103,5838.00

47.53,103,5861.00

49.65,103,5882.00

50.70,103,5905.00

47.59,103,5926.00

47.97,103,5948.00

48.46,103,5969.00

48.35,103,5992.00

49.16,103,6013.00

49.72,103,6035.00

50.54,103,6057.00

50.03,103,6079.00

47.80,103,6100.00

47.80,103,6123.00

47.91,103,6145.00

51.03,103,6166.00

50.19,103,6189.00

51.57,103,6210.00

52.00,103,6233.00

48.84,103,6254.00

48.40,103,6276.00

50.43,103,6297.00

49.32,103,6320.00

48.40,103,6341.00

48.46,103,6363.00

51.01,103,6385.00

50.52,103,6407.00

49.32,103,6428.00

48.78,103,6451.00

49.22,103,6472.00

51.03,103,6494.00

50.97,103,6516.00

50.97,103,6538.00

51.03,103,6559.00

50.48,103,6582.00

50.81,103,6603.00

50.86,103,6625.00

53.31,103,6647.00

49.07,103,6669.00

48.24,103,6690.00

48.51,103,6713.00

49.72,103,6734.00

50.14,103,6756.00

49.16,103,6778.00

47.86,103,6800.00

49.54,103,6821.00

50.46,103,6844.00

47.97,103,6865.00

50.79,103,6887.00

51.30,103,6909.00

47.97,103,6931.00

48.02,103,6952.00

49.49,103,6975.00

49.89,103,6996.00

50.81,103,7018.00

50.52,103,7041.00

51.51,103,7062.00

51.12,103,7084.00

53.09,103,7106.00

49.32,103,7128.00

48.89,103,7149.00

49.81,103,7172.00

50.57,103,7193.00

50.97,103,7215.00

50.84,103,7237.00

50.86,103,7259.00

50.75,103,7280.00

49.34,103,7302.00

48.24,103,7324.00

48.18,103,7346.00

48.67,103,7367.00

48.08,103,7390.00

47.64,103,7411.00

48.67,103,7433.00

51.57,103,7455.00

50.68,103,7477.00

50.81,103,7498.00

54.07,103,7521.00

49.27,103,7542.00

51.35,103,7564.00

50.37,103,7586.00

50.43,103,7608.00

50.65,103,7629.00

52.00,103,7652.00

51.60,103,7673.00

51.39,103,7695.00

51.24,103,7717.00

51.22,103,7739.00

52.58,103,7761.00

53.63,103,7783.00

52.64,103,7804.00

50.21,103,7826.00

50.90,103,7848.00

49.27,103,7870.00

50.52,103,7891.00

49.43,103,7914.00

49.27,103,7936.00

50.25,103,7957.00

48.35,103,7980.00

47.37,103,8001.00

47.80,103,8023.00

47.32,103,8045.00

47.15,103,8067.00

48.46,103,8088.00

47.97,103,8111.00

49.54,103,8132.00

51.22,103,8154.00

49.70,103,8176.00

49.23,103,8198.00

50.65,103,8219.00

47.32,103,8241.00

47.64,103,8263.00

49.89,103,8285.00

52.04,103,8307.00

50.81,103,8329.00

49.54,103,8350.00

48.08,103,8372.00

47.53,103,8394.00

48.35,103,8416.00

48.40,103,8437.00

48.29,103,8460.00

47.48,103,8481.00

47.15,103,8503.00

46.99,103,8525.00

47.42,103,8547.00

47.97,103,8568.00

47.42,103,8591.00

48.24,103,8612.00

49.23,103,8634.00

47.04,103,8656.00

46.99,103,8678.00

47.48,103,8699.00

48.18,103,8722.00

49.05,103,8743.00

49.98,103,8765.00

47.91,103,8787.00

47.04,103,8809.00

46.92,103,8830.00

47.15,103,8853.00

48.56,103,8875.00

49.99,103,8896.00

49.60,103,8919.00

50.25,103,8940.00

52.17,103,8963.00

52.22,103,8984.00

56.02,103,9006.00

51.35,103,9027.00

51.06,103,9050.00

49.32,103,9071.00

49.38,103,9093.00

50.10,103,9115.00

51.17,103,9137.00

50.25,103,9158.00

50.59,103,9181.00

50.14,103,9202.00

50.68,103,9224.00

51.13,103,9246.00

50.70,103,9268.00

49.27,103,9289.00

49.11,103,9312.00

50.65,103,9333.00

50.19,103,9355.00

49.54,103,9377.00

49.49,103,9399.00

50.03,103,9420.00

48.02,103,9443.00

52.87,103,9464.00

56.89,103,9487.00

50.37,103,9508.00

50.86,103,9530.00

50.68,103,9551.00

50.14,103,9574.00

50.97,103,9595.00

50.97,103,9617.00

50.46,103,9639.00

50.86,103,9661.00

50.81,103,9682.00

48.02,103,9704.00

48.78,103,9726.00

48.67,103,9748.00

48.24,103,9769.00

48.46,103,9792.00

48.84,103,9814.00

49.81,103,9836.00

47.70,103,9858.00

48.15,103,9879.00

49.13,103,9901.00

49.87,103,9923.00

48.18,103,9945.00

49.67,103,9967.00

49.98,103,9989.00

50.08,103,10010.00

50.68,103,10034.00

52.47,103,10056.00

51.35,103,10079.00

49.70,103,10102.00

50.19,103,10125.00

50.75,103,10147.00

50.79,103,10171.00

51.39,103,10193.00

51.46,103,10216.00

51.06,103,10240.00

51.57,103,10262.00

52.93,103,10285.00

49.87,103,10308.00

49.72,103,10331.00

49.98,103,10353.00

49.54,103,10377.00

49.65,103,10399.00

49.51,103,10422.00

49.92,103,10445.00

52.44,103,10468.00

47.59,103,10490.00

47.82,103,10514.00

47.21,103,10536.00

48.13,103,10559.00

46.75,103,10583.00

47.04,103,10605.00

47.17,103,10628.00

46.75,103,10651.00

47.50,103,10674.00

48.40,103,10696.00

49.32,103,10720.00

50.65,103,10742.00

49.81,103,10766.00

47.42,103,10788.00

47.04,103,10811.00

48.56,103,10833.00

49.05,103,10857.00

49.16,103,10880.00

49.81,103,10903.00

50.03,103,10926.00

50.21,103,10948.00

51.28,103,10972.00

52.76,103,10994.00

50.43,103,11017.00

53.72,103,11040.00

50.37,103,11063.00

51.57,103,11085.00

51.41,103,11109.00

51.41,103,11131.00

51.01,103,11154.00

48.89,103,11177.00

48.29,103,11200.00

48.24,103,11223.00

50.08,103,11246.00

49.49,103,11269.00

49.43,103,11291.00

50.08,103,11315.00

50.95,103,11337.00

52.49,103,11361.00

48.29,103,11383.00

50.75,103,11406.00

49.67,103,11428.00

48.84,103,11452.00

50.70,103,11474.00

51.19,103,11498.00

49.76,103,11521.00

49.56,103,11543.00

50.21,103,11567.00

49.98,103,11589.00

50.48,103,11612.00

50.97,103,11635.00

50.43,103,11658.00

49.02,103,11680.00

49.45,103,11704.00

49.40,103,11726.00

48.94,103,11749.00

51.17,103,11772.00

51.08,103,11795.00

51.57,103,11817.00

48.40,103,11841.00

48.35,103,11864.00

51.35,103,11886.00

54.07,103,11910.00

48.75,103,11932.00

49.32,103,11955.00

54.28,103,11978.00

51.35,103,12001.00

49.18,103,12023.00

49.54,103,12047.00

49.05,103,12069.00

49.11,103,12092.00

49.38,103,12115.00

52.06,103,12138.00

51.93,103,12162.00

52.38,103,12184.00

51.46,103,12207.00

50.92,103,12230.00

51.79,103,12253.00

53.96,103,12275.00

51.79,103,12299.00

50.81,103,12321.00

50.81,103,12344.00

50.81,103,12367.00

51.19,103,12390.00

51.13,103,12412.00

50.65,103,12436.00

50.57,103,12459.00

51.50,103,12481.00

50.41,103,12505.00

49.94,103,12527.00

50.37,103,12550.00

50.57,103,12573.00

50.48,103,12596.00

49.61,103,12618.00

48.96,103,12642.00

49.78,103,12664.00

49.87,103,12687.00

48.85,103,12710.00

48.85,103,12733.00

48.51,103,12755.00

48.36,103,12779.00

48.35,103,12802.00

48.04,103,12824.00

47.86,103,12848.00

46.99,103,12870.00

47.91,103,12893.00

48.64,103,12916.00

47.32,103,12939.00

48.20,103,12961.00

47.71,103,12985.00

46.88,103,13007.00

46.99,103,13030.00

47.37,103,13053.00

46.94,103,13076.00

47.48,103,13099.00

46.94,103,13122.00

47.37,103,13145.00

48.02,103,13168.00

47.53,103,13191.00

48.20,103,13213.00

48.62,103,13237.00

49.18,103,13259.00

49.45,103,13282.00

50.74,103,13305.00

47.93,103,13328.00

48.51,103,13350.00

48.94,103,13374.00

49.78,103,13396.00

50.37,103,13419.00

49.54,103,13443.00

49.99,103,13465.00

49.43,103,13488.00

48.36,103,13511.00

50.70,103,13534.00

51.13,103,13557.00

51.03,103,13580.00

47.21,103,13602.00

47.80,103,13625.00

48.18,103,13648.00

47.80,103,13671.00

48.40,103,13693.00

48.84,103,13717.00

49.81,103,13740.00

50.75,103,13763.00

51.30,103,13786.00

48.84,103,13808.00

48.51,103,13832.00

48.46,103,13854.00

49.83,103,13877.00

50.37,103,13900.00

49.87,103,13923.00

50.43,103,13945.00

50.32,103,13969.00

49.87,103,13991.00

50.86,103,14014.00

52.06,103,14038.00

49.00,103,14060.00

49.51,103,14083.00

48.89,103,14106.00

48.78,103,14129.00

49.67,103,14151.00

51.24,103,14175.00

50.48,103,14197.00

50.59,103,14220.00

48.53,103,14243.00

48.51,103,14266.00

51.08,103,14289.00

49.67,103,14312.00

49.56,103,14334.00

50.46,103,14358.00

50.81,103,14381.00

53.20,103,14403.00

50.97,103,14427.00

50.92,103,14449.00

50.97,103,14472.00

52.98,103,14495.00

48.29,103,14518.00

47.80,103,14540.00

48.36,103,14563.00

48.24,103,14586.00

47.75,103,14609.00

48.24,103,14632.00

48.84,103,14655.00

48.40,103,14678.00

48.29,103,14701.00

48.18,103,14724.00

47.75,103,14746.00

47.26,103,14770.00

46.81,103,14792.00

46.88,103,14815.00

47.48,103,14838.00

47.44,103,14861.00

47.04,103,14883.00

46.90,103,14907.00

47.22,103,14929.00

46.95,103,14952.00

46.75,103,14976.00

46.75,103,14998.00

46.81,103,15021.00

46.59,103,15044.00

46.54,103,15067.00

46.65,103,15089.00

46.54,103,15113.00

46.48,103,15135.00

46.54,103,15158.00

45.89,103,15181.00

45.78,103,15204.00

45.78,103,15226.00

45.18,103,15250.00

45.56,103,15272.00

45.61,103,15295.00

48.35,103,15319.00

46.05,103,15341.00

45.78,103,15364.00

46.21,103,15387.00

46.86,103,15410.00

47.37,103,15433.00

48.40,103,15456.00

48.42,103,15478.00

47.75,103,15502.00

47.64,103,15524.00

48.53,103,15547.00

49.92,103,15570.00

50.54,103,15593.00

50.81,103,15616.00

49.89,103,15639.00

49.00,103,15662.00

48.73,103,15684.00

48.69,103,15708.00

48.75,103,15730.00

51.28,103,15754.00

49.27,103,15776.00

48.89,103,15799.00

49.05,103,15821.00

51.41,103,15845.00

48.96,103,15867.00

49.92,103,15891.00

50.70,103,15913.00

52.93,103,15936.00

52.44,103,15960.00

51.46,103,15982.00

51.35,103,16005.00

51.24,103,16028.00

53.69,103,16051.00

51.84,103,16073.00

50.43,103,16097.00

50.25,103,16119.00

50.21,103,16142.00

49.43,103,16165.00

48.89,103,16188.00

48.02,103,16210.00

47.50,103,16234.00

49.38,103,16257.00

48.94,103,16279.00

47.48,103,16303.00

46.94,103,16325.00

46.70,103,16348.00

46.83,103,16371.00

46.84,103,16394.00

47.33,103,16416.00

47.21,103,16440.00

47.28,103,16462.00

47.04,103,16485.00

46.99,103,16508.00

48.36,103,16531.00

48.58,103,16553.00

48.53,103,16577.00

48.18,103,16600.00

48.80,103,16622.00

49.13,103,16646.00

49.07,103,16668.00

48.69,103,16691.00

48.94,103,16714.00

47.70,103,16737.00

46.99,103,16759.00

46.86,103,16783.00

46.94,103,16805.00

46.81,103,16828.00

47.15,103,16851.00

47.50,103,16874.00

47.28,103,16897.00

47.86,103,16920.00

50.70,103,16943.00

50.36,103,16966.00

50.65,103,16989.00

51.79,103,17011.00

48.89,103,17035.00

48.94,103,17057.00

49.56,103,17080.00

49.40,103,17103.00

53.14,103,17126.00

52.15,103,17149.00

51.08,103,17172.00

50.48,103,17195.00

50.43,103,17217.00

50.14,103,17241.00

49.94,103,17263.00

48.09,103,17286.00

48.13,103,17309.00

47.82,103,17332.00

48.46,103,17354.00

46.86,103,17378.00

46.75,103,17400.00

46.21,103,17423.00

46.81,103,17446.00

48.80,103,17469.00

46.16,103,17491.00

45.40,103,17515.00

46.16,103,17538.00

45.72,103,17560.00

45.49,103,17584.00

45.02,103,17606.00

44.91,103,17629.00

45.12,103,17652.00

45.94,103,17675.00

44.42,103,17697.00

44.15,103,17721.00

44.09,103,17743.00

43.98,103,17766.00

44.15,103,17789.00

43.64,103,17812.00

43.04,103,17835.00

43.17,103,17858.00

43.97,103,17881.00

43.15,103,17903.00

42.25,103,17927.00

42.03,103,17949.00

44.13,103,17972.00

42.39,103,17995.00

41.38,103,18018.00

41.09,103,18040.00

40.71,103,18064.00

41.03,103,18086.00

40.60,103,18109.00

40.17,103,18132.00

40.76,103,18155.00

41.76,103,18178.00

39.84,103,18201.00

42.28,103,18224.00

39.19,103,18246.00

38.48,103,18270.00

38.43,103,18292.00

38.75,103,18315.00

38.64,103,18338.00

38.86,103,18361.00

39.08,103,18383.00

38.32,103,18407.00

37.18,103,18429.00

36.94,103,18452.00

36.73,103,18476.00

36.45,103,18498.00

36.67,103,18521.00

37.83,103,18544.00

37.16,103,18567.00

38.03,103,18589.00

37.40,103,18613.00

35.31,103,18635.00

35.04,103,18658.00

34.34,103,18681.00

34.07,103,18704.00

34.23,103,18726.00

33.96,103,18750.00

34.55,103,18772.00

34.17,103,18795.00

33.90,103,18819.00

34.07,103,18841.00

34.77,103,18864.00

35.91,103,18887.00

34.17,103,18910.00

33.69,103,18932.00

31.78,103,18956.00

31.24,103,18978.00

31.12,103,19001.00

31.02,103,19024.00

30.92,103,19047.00

30.97,103,19069.00

30.86,103,19093.00

30.86,103,19116.00

31.02,103,19138.00

30.97,103,19162.00

31.08,103,19184.00

31.62,103,19207.00

31.57,103,19230.00

32.06,103,19253.00

32.73,103,19275.00

32.27,103,19299.00

31.89,103,19321.00

31.68,103,19344.00

31.19,103,19367.00

31.68,103,19390.00

31.78,103,19412.00

31.68,103,19436.00

31.62,103,19459.00

31.73,103,19481.00

31.57,103,19505.00

31.95,103,19527.00

34.45,103,19551.00

32.22,103,19573.00

31.62,103,19596.00

31.51,103,19619.00

31.24,103,19642.00

30.64,103,19664.00

30.54,103,19688.00

30.21,103,19710.00

30.05,103,19733.00

30.37,103,19757.00

31.91,103,19779.00

31.40,103,19802.00

30.26,103,19825.00

29.61,103,19848.00

30.92,103,19870.00

29.88,103,19894.00

29.67,103,19916.00

29.56,103,19939.00

28.78,103,19962.00

28.56,103,19985.00

28.94,103,20007.00

32.54,103,20031.00

29.65,103,20054.00

29.72,103,20076.00

29.00,103,20100.00

28.06,103,20122.00

29.23,103,20145.00

28.45,103,20168.00

28.36,103,20191.00

28.06,103,20213.00

27.40,103,20237.00

27.78,103,20259.00

28.62,103,20282.00

29.40,103,20305.00

28.83,103,20328.00

34.83,103,20352.00

28.02,103,20374.00

27.97,103,20397.00

27.51,103,20419.00

27.30,103,20443.00

27.19,103,20465.00

27.19,103,20488.00

26.97,103,20511.00

26.92,103,20534.00

27.24,103,20556.00

26.97,103,20580.00

25.94,103,20602.00

26.16,103,20625.00

25.78,103,20648.00

26.59,103,20671.00

25.45,103,20694.00

30.21,103,20717.00

27.78,103,20740.00

29.94,103,20763.00

24.36,103,20786.00

24.31,103,20808.00

23.66,103,20831.00

22.93,103,20854.00

22.88,103,20877.00

22.73,103,20899.00

21.96,103,20923.00

22.41,103,20945.00

23.17,103,20968.00

23.31,103,20992.00

27.24,103,21014.00

22.28,103,21037.00

22.14,103,21060.00

22.12,103,21083.00

22.46,103,21105.00

22.52,103,21129.00

21.14,103,21151.00

21.05,103,21174.00

20.83,103,21197.00

20.87,103,21220.00

21.27,103,21242.00

21.20,103,21266.00

21.65,103,21288.00

20.71,103,21311.00

20.65,103,21335.00

21.52,103,21357.00

25.07,103,21381.00

22.17,103,21403.00

22.08,103,21426.00

21.58,103,21449.00

21.96,103,21472.00

21.52,103,21494.00

20.11,103,21517.00

20.06,103,21540.00

20.44,103,21563.00

19.95,103,21585.00

20.38,103,21609.00

20.76,103,21632.00

20.94,103,21655.00

20.06,103,21678.00

20.00,103,21700.00

20.07,103,21724.00

20.49,103,21746.00

20.13,103,21769.00

20.00,103,21792.00

20.27,103,21815.00

19.84,103,21837.00

19.78,103,21861.00

19.89,103,21883.00

20.76,103,21906.00

23.01,103,21929.00

21.81,103,21952.00

22.68,103,21975.00

21.00,103,21998.00

21.36,103,22021.00

20.94,103,22043.00

20.00,103,22067.00

22.52,103,22089.00

20.82,103,22112.00

19.78,103,22135.00

19.68,103,22158.00

20.45,103,22180.00

20.49,103,22204.00

19.02,103,22226.00

18.86,103,22249.00

18.70,103,22273.00

18.48,103,22295.00

19.62,103,22318.00

18.92,103,22341.00

20.44,103,22364.00

19.19,103,22386.00

18.43,103,22410.00

19.95,103,22432.00

18.32,103,22455.00

18.54,103,22478.00

18.43,103,22501.00

15.69,103,22523.00

15.98,103,22547.00

15.39,103,22569.00

16.15,103,22592.00

18.64,103,22616.00

19.08,103,22638.00

14.57,103,22661.00

14.01,103,22684.00

14.41,103,22707.00

14.52,103,22729.00

14.34,103,22753.00

14.79,103,22775.00

14.84,103,22798.00

14.17,103,22821.00

14.57,103,22844.00

14.17,103,22866.00

14.01,103,22890.00

13.96,103,22913.00

14.46,103,22935.00

13.81,103,22959.00

13.21,103,22981.00

13.20,103,23004.00

14.66,103,23027.00

12.71,103,23050.00

13.10,103,23072.00

11.89,103,23096.00

12.16,103,23118.00

12.13,103,23141.00

11.89,103,23164.00

11.78,103,23187.00

12.65,103,23209.00

11.89,103,23233.00

13.09,103,23256.00

27.40,103,23279.00

23.66,103,23302.00

12.44,103,23324.00

11.13,103,23347.00

14.39,103,23370.00

28.53,103,23394.00

11.51,103,23416.00

10.91,103,23439.00

11.89,103,23461.00

12.16,103,23485.00

57.05,103,23510.00

74.61,103,23534.00

26.05,103,23554.00

11.08,103,23576.00

10.37,103,23599.00

10.37,103,23622.00

10.37,103,23645.00

11.40,103,23667.00

10.91,103,23691.00

11.35,103,23713.00

11.40,103,23736.00

13.03,103,23759.00

16.53,103,23782.00

16.09,103,23805.00

11.19,103,23828.00

11.13,103,23851.00

11.13,103,23873.00

16.36,103,23897.00

56.64,103,23922.00

62.25,103,23945.00

12.60,103,23965.00

11.29,103,23988.00

10.05,103,24010.00

9.88,103,24034.00

9.48,103,24055.00

9.54,103,24077.00

9.43,103,24099.00

9.48,103,24121.00

10.05,103,24142.00

10.48,103,24166.00

56.13,103,24192.00

17.29,103,24212.00

16.51,103,24235.00

11.29,103,24257.00

10.97,103,24280.00

10.81,103,24303.00

11.35,103,24326.00

12.11,103,24349.00

29.56,103,24373.00

11.46,103,24394.00

16.96,103,24418.00

11.40,103,24440.00

10.91,103,24463.00

9.88,103,24486.00

9.32,103,24508.00

9.68,103,24529.00

9.14,103,24551.00

8.54,103,24573.00

8.62,103,24595.00

8.60,103,24616.00

8.92,103,24639.00

9.05,103,24660.00

9.48,103,24682.00

8.89,103,24705.00

9.32,103,24726.00

8.83,103,24748.00

8.16,103,24770.00

8.27,103,24792.00

8.24,103,24813.00

8.11,103,24836.00

8.54,103,24857.00

13.14,103,24880.00

9.94,103,24902.00

10.37,103,24924.00

10.86,103,24946.00

11.62,103,24970.00

20.83,103,24993.00

57.05,103,25018.00

12.44,103,25038.00

15.11,103,25061.00

11.40,103,25084.00

23.82,103,25108.00

9.05,103,25129.00

8.16,103,25151.00

7.67,103,25174.00

7.84,103,25195.00

8.45,103,25217.00

8.02,103,25239.00

8.22,103,25261.00

8.27,103,25282.00

8.22,103,25305.00

8.83,103,25326.00

8.51,103,25348.00

8.49,103,25370.00

8.72,103,25392.00

9.36,103,25413.00

8.92,103,25436.00

9.94,103,25457.00

10.05,103,25479.00

9.68,103,25502.00

9.77,103,25524.00

9.81,103,25545.00

9.68,103,25568.00

10.10,103,25589.00

10.21,103,25612.00

10.10,103,25635.00

10.70,103,25658.00

11.24,103,25681.00

11.62,103,25704.00

12.22,103,25726.00

14.30,103,25750.00

22.84,103,25774.00

43.12,103,25797.00

14.46,103,25819.00

19.78,103,25841.00

20.22,103,25865.00

18.37,103,25887.00

23.06,103,25911.00

25.99,103,25933.00

10.43,103,25956.00

10.32,103,25978.00

10.37,103,26001.00

12.33,103,26024.00

11.19,103,26047.00

9.54,103,26070.00

9.72,103,26092.00

9.10,103,26114.00

8.62,103,26135.00

8.49,103,26158.00

8.72,103,26179.00

8.34,103,26201.00

8.27,103,26223.00

7.67,103,26245.00

8.22,103,26266.00

8.24,103,26288.00

8.13,103,26310.00

8.29,103,26332.00

8.76,103,26354.00

9.16,103,26376.00

9.38,103,26397.00

9.00,103,26420.00

8.51,103,26441.00

9.10,103,26463.00

9.10,103,26484.00

9.00,103,26507.00

9.10,103,26528.00

15.71,103,26551.00

13.52,103,26573.00

12.33,103,26596.00

10.43,103,26619.00

10.48,103,26642.00

10.10,103,26664.00

10.05,103,26688.00

12.27,103,26711.00

10.53,103,26733.00

10.05,103,26757.00

9.32,103,26779.00

9.48,103,26801.00

9.77,103,26823.00

9.83,103,26845.00

10.05,103,26866.00

9.68,103,26890.00

10.10,103,26911.00

16.80,103,26935.00

14.17,103,26957.00

13.36,103,26980.00

11.62,103,27002.00

16.85,103,27026.00

12.54,103,27048.00

11.73,103,27071.00

12.06,103,27095.00

10.70,103,27117.00

10.75,103,27140.00

10.53,103,27163.00

10.91,103,27186.00

11.35,103,27208.00

10.21,103,27232.00

9.83,103,27254.00

9.79,103,27276.00

9.52,103,27298.00

8.98,103,27320.00

9.05,103,27341.00

8.87,103,27364.00

9.72,103,27385.00

10.10,103,27407.00

10.32,103,27430.00

9.77,103,27453.00

9.10,103,27474.00

8.45,103,27497.00

8.40,103,27518.00

8.89,103,27540.00

8.38,103,27563.00

8.45,103,27584.00

8.18,103,27606.00

9.05,103,27628.00

9.54,103,27650.00

9.70,103,27671.00

9.65,103,27694.00

9.70,103,27715.00

9.43,103,27737.00

9.38,103,27759.00

9.38,103,27781.00

9.54,103,27802.00

8.94,103,27825.00

9.38,103,27846.00

10.15,103,27868.00

9.88,103,27891.00

9.00,103,27913.00

10.21,103,27934.00

17.18,103,27958.00

11.73,103,27980.00

12.82,103,28004.00

9.67,103,28026.00

9.59,103,28048.00

9.88,103,28069.00

10.15,103,28092.00

10.05,103,28114.00

10.53,103,28137.00

10.48,103,28161.00

9.99,103,28183.00

11.40,103,28205.00

10.91,103,28228.00

11.96,103,28251.00

22.19,103,28274.00

56.20,103,28299.00

18.81,103,28320.00

12.87,103,28343.00

12.54,103,28365.00

10.15,103,28388.00

9.05,103,28410.00

9.05,103,28433.00

8.89,103,28454.00

8.49,103,28476.00

8.07,103,28498.00

8.22,103,28520.00

8.83,103,28541.00

8.83,103,28564.00

9.85,103,28585.00

9.59,103,28607.00

9.88,103,28630.00

9.65,103,28651.00

9.81,103,28673.00

9.70,103,28695.00

9.74,103,28717.00

9.79,103,28738.00

9.70,103,28761.00

9.72,103,28782.00

9.85,103,28804.00

9.70,103,28826.00

9.74,103,28848.00

9.81,103,28869.00

9.70,103,28892.00

9.94,103,28913.00

9.94,103,28935.00

9.05,103,28957.00

8.54,103,28979.00

9.05,103,29000.00

8.89,103,29023.00

9.32,103,29044.00

9.38,103,29066.00

9.21,103,29088.00

9.21,103,29110.00

9.38,103,29131.00

9.30,103,29154.00

9.36,103,29175.00

9.81,103,29197.00

9.72,103,29219.00

10.21,103,29241.00

9.59,103,29263.00

8.98,103,29286.00

8.98,103,29307.00

9.16,103,29329.00

9.05,103,29351.00

8.98,103,29373.00

9.58,103,29394.00

9.48,103,29417.00

9.05,103,29438.00

9.14,103,29460.00

9.09,103,29483.00

9.00,103,29504.00

9.05,103,29526.00

9.05,103,29548.00

8.89,103,29570.00

8.94,103,29591.00

9.38,103,29614.00

9.25,103,29635.00

9.32,103,29657.00

9.27,103,29678.00

9.65,103,29701.00

9.79,103,29722.00

9.43,103,29744.00

9.38,103,29766.00

9.52,103,29788.00

9.59,103,29809.00

9.54,103,29832.00

9.70,103,29853.00

10.05,103,29875.00

9.68,103,29898.00

9.79,103,29920.00

9.83,103,29941.00

10.70,103,29964.00

61.85,103,29989.00

57.07,103,30012.00

11.73,103,30032.00

11.84,103,30055.00

12.22,103,30078.00

11.73,103,30101.00

11.40,103,30124.00

11.29,103,30147.00

10.86,103,30170.00

10.48,103,30192.00

10.75,103,30216.00

10.21,103,30238.00

9.81,103,30261.00

9.68,103,30283.00

10.43,103,30305.00

10.05,103,30327.00

9.58,103,30351.00

9.10,103,30372.00

8.72,103,30394.00

8.71,103,30416.00

9.03,103,30438.00

9.14,103,30459.00

9.43,103,30482.00

9.41,103,30503.00

9.54,103,30525.00

9.09,103,30547.00

9.00,103,30569.00

8.67,103,30590.00

8.65,103,30612.00

8.54,103,30635.00

8.67,103,30656.00

8.65,103,30678.00

9.05,103,30700.00

9.16,103,30722.00

9.16,103,30743.00

8.98,103,30766.00

9.09,103,30787.00

8.67,103,30809.00

8.54,103,30831.00

8.67,103,30853.00

9.16,103,30874.00

9.05,103,30897.00

9.20,103,30918.00

9.16,103,30940.00

9.05,103,30962.00

9.16,103,30984.00

8.67,103,31005.00

8.49,103,31028.00

9.00,103,31049.00

8.56,103,31071.00

8.87,103,31093.00

8.98,103,31115.00

9.00,103,31136.00

8.87,103,31159.00

8.83,103,31180.00

8.89,103,31202.00

8.72,103,31224.00

8.24,103,31246.00

8.29,103,31267.00

8.05,103,31290.00

8.00,103,31311.00

8.49,103,31333.00

8.29,103,31355.00

8.16,103,31377.00

8.22,103,31398.00

8.05,103,31421.00

8.45,103,31442.00

9.00,103,31464.00

9.68,103,31486.00

8.76,103,31508.00

8.40,103,31529.00

8.72,103,31552.00

8.78,103,31574.00

8.43,103,31595.00

8.38,103,31618.00

8.07,103,31639.00

8.22,103,31661.00

9.16,103,31683.00

9.27,103,31705.00

9.00,103,31726.00

9.00,103,31749.00

8.60,103,31770.00

8.78,103,31792.00

8.83,103,31814.00

8.82,103,31836.00

8.56,103,31857.00

8.60,103,31880.00

8.98,103,31901.00

9.10,103,31923.00

9.14,103,31945.00

8.54,103,31967.00

9.10,103,31988.00

9.05,103,32011.00

8.89,103,32032.00

8.89,103,32054.00

8.78,103,32075.00

8.13,103,32098.00

8.16,103,32119.00

8.54,103,32141.00

8.71,103,32163.00

8.72,103,32185.00

8.22,103,32206.00

9.43,103,32229.00

8.62,103,32250.00

8.16,103,32272.00

8.43,103,32294.00

8.56,103,32316.00

8.56,103,32337.00

8.40,103,32360.00

8.51,103,32381.00

8.11,103,32403.00

8.07,103,32425.00

7.78,103,32447.00

8.34,103,32468.00

8.78,103,32491.00

8.54,103,32513.00

8.60,103,32534.00

8.56,103,32557.00

8.54,103,32578.00

9.21,103,32600.00

9.16,103,32622.00

9.21,103,32644.00

9.38,103,32665.00

9.32,103,32688.00

8.89,103,32709.00

9.03,103,32731.00

9.38,103,32753.00

8.87,103,32775.00

9.38,103,32796.00

9.21,103,32819.00

8.62,103,32840.00

8.62,103,32862.00

8.89,103,32884.00

9.65,103,32906.00

8.22,103,32927.00

8.49,103,32950.00

8.87,103,32971.00

9.81,103,32993.00

9.21,103,33015.00

8.71,103,33037.00

8.34,103,33058.00

8.67,103,33081.00

8.67,103,33102.00

7.86,103,33124.00

8.33,103,33146.00

9.14,103,33168.00

9.74,103,33189.00

9.21,103,33212.00

10.10,103,33233.00

58.86,103,33259.00

56.24,103,33282.00

9.65,103,33302.00

9.00,103,33324.00

8.72,103,33346.00

9.25,103,33368.00

9.00,103,33389.00

8.67,103,33412.00

8.60,103,33433.00

9.21,103,33455.00

9.54,103,33477.00

9.03,103,33499.00

9.59,103,33520.00

9.10,103,33543.00

8.94,103,33564.00

8.94,103,33586.00

9.25,103,33608.00

8.62,103,33630.00

8.18,103,33651.00

8.49,103,33673.00

9.14,103,33695.00

9.16,103,33717.00

13.63,103,33739.00

12.27,103,33762.00

17.77,103,33785.00

56.18,103,33810.00

12.60,103,33830.00

9.05,103,33853.00

8.18,103,33874.00

7.67,103,33897.00

8.34,103,33918.00

8.38,103,33940.00

7.95,103,33963.00

8.18,103,33984.00

8.29,103,34006.00

8.78,103,34028.00

9.00,103,34050.00

9.05,103,34071.00

8.56,103,34094.00

9.16,103,34115.00

8.71,103,34137.00

8.56,103,34159.00

8.65,103,34181.00

8.60,103,34202.00

8.82,103,34225.00

9.30,103,34246.00

9.21,103,34268.00

8.60,103,34290.00

8.18,103,34312.00

8.56,103,34333.00

8.45,103,34356.00

8.49,103,34377.00

8.51,103,34399.00

8.40,103,34421.00

8.45,103,34443.00

8.51,103,34464.00

8.40,103,34487.00

8.40,103,34508.00

8.56,103,34530.00

8.07,103,34552.00

8.07,103,34574.00

8.18,103,34595.00

8.05,103,34618.00

8.05,103,34639.00

8.16,103,34661.00

8.00,103,34683.00

8.38,103,34705.00

8.51,103,34726.00

8.34,103,34749.00

8.29,103,34770.00

8.83,103,34792.00

8.65,103,34814.00

8.16,103,34836.00

7.78,103,34857.00

7.80,103,34880.00

8.16,103,34902.00

8.34,103,34923.00

8.76,103,34946.00

8.38,103,34967.00

8.62,103,34989.00

8.60,103,35011.00

8.65,103,35033.00

9.30,103,35054.00

8.82,103,35077.00

8.43,103,35098.00

9.05,103,35120.00

8.60,103,35142.00

9.00,103,35164.00

8.65,103,35185.00

8.67,103,35208.00

8.51,103,35229.00

8.98,103,35251.00

8.92,103,35273.00

8.76,103,35295.00

8.76,103,35316.00

8.72,103,35338.00

8.05,103,35360.00

8.11,103,35382.00

8.51,103,35403.00

8.38,103,35426.00

8.49,103,35447.00

8.51,103,35469.00

8.43,103,35491.00

8.56,103,35513.00

8.18,103,35534.00

8.05,103,35557.00

8.22,103,35578.00

8.29,103,35600.00

8.67,103,35622.00

8.83,103,35644.00

8.87,103,35665.00

8.87,103,35688.00

8.62,103,35709.00

9.09,103,35731.00

9.05,103,35753.00

9.21,103,35775.00

9.30,103,35796.00

9.25,103,35819.00

9.43,103,35841.00

9.43,103,35862.00

9.32,103,35885.00

9.70,103,35906.00

9.99,103,35928.00

9.83,103,35950.00

9.77,103,35972.00

9.09,103,35993.00

8.51,103,36016.00

8.43,103,36037.00

8.94,103,36059.00

8.82,103,36081.00

8.83,103,36103.00

8.92,103,36124.00

8.82,103,36147.00

8.83,103,36168.00

8.94,103,36190.00

8.76,103,36212.00

8.76,103,36234.00

8.94,103,36255.00

9.25,103,36278.00

9.21,103,36299.00

9.30,103,36321.00

9.16,103,36343.00

8.65,103,36365.00

8.27,103,36386.00

8.24,103,36409.00

8.62,103,36430.00

8.27,103,36452.00

8.29,103,36474.00

8.65,103,36496.00

8.78,103,36517.00

8.78,103,36540.00

8.18,103,36561.00

8.22,103,36583.00

8.22,103,36604.00

8.11,103,36627.00

8.16,103,36648.00

8.11,103,36670.00

8.45,103,36692.00

8.51,103,36714.00

8.45,103,36736.00

8.24,103,36758.00

8.27,103,36780.00

8.24,103,36801.00

7.62,103,36824.00

8.18,103,36845.00

8.62,103,36867.00

8.51,103,36889.00

8.62,103,36911.00

8.16,103,36932.00

8.51,103,36955.00

8.67,103,36976.00

8.22,103,36998.00

8.16,103,37020.00

8.83,103,37042.00

8.51,103,37063.00

8.07,103,37086.00

8.16,103,37107.00

8.22,103,37129.00

8.67,103,37151.00

8.83,103,37173.00

9.27,103,37194.00

9.14,103,37217.00

9.30,103,37238.00

8.83,103,37260.00

8.65,103,37282.00

8.65,103,37304.00

8.71,103,37325.00

8.11,103,37348.00

8.07,103,37369.00

8.56,103,37391.00

8.87,103,37413.00

8.83,103,37435.00

8.83,103,37456.00

8.62,103,37479.00

8.54,103,37500.00

8.62,103,37522.00

8.51,103,37544.00

8.45,103,37566.00

8.56,103,37587.00

8.43,103,37610.00

8.43,103,37632.00

8.51,103,37653.00

8.40,103,37676.00

8.87,103,37697.00

9.00,103,37719.00

8.45,103,37741.00

8.43,103,37763.00

8.18,103,37784.00

8.22,103,37807.00

8.18,103,37828.00

8.83,103,37850.00

8.78,103,37872.00

8.38,103,37894.00

8.54,103,37915.00

8.60,103,37938.00

8.11,103,37959.00

8.78,103,37981.00

8.82,103,38003.00

9.20,103,38025.00

9.38,103,38046.00

9.36,103,38069.00

8.78,103,38090.00

9.27,103,38112.00

8.82,103,38133.00

8.71,103,38156.00

8.89,103,38177.00

8.87,103,38199.00

8.82,103,38221.00

8.94,103,38243.00

8.56,103,38264.00

8.94,103,38287.00

9.05,103,38308.00

9.54,103,38330.00

8.94,103,38352.00

9.43,103,38374.00

9.79,103,38395.00

10.37,103,38418.00

9.20,103,38440.00

8.18,103,38462.00

8.40,103,38484.00

8.83,103,38506.00

8.27,103,38528.00

8.13,103,38550.00

8.16,103,38572.00

8.16,103,38593.00

8.49,103,38616.00

8.11,103,38637.00

8.16,103,38659.00

8.05,103,38681.00

8.67,103,38703.00

8.65,103,38724.00

21.32,103,38747.00

20.94,103,38770.00

10.05,103,38792.00

9.21,103,38815.00

8.89,103,38837.00

8.87,103,38858.00

8.45,103,38881.00

8.18,103,38902.00

8.22,103,38924.00

8.13,103,38946.00

8.16,103,38968.00

8.82,103,38989.00

8.76,103,39012.00

8.76,103,39033.00

8.94,103,39055.00

8.43,103,39077.00

8.49,103,39099.00

9.10,103,39120.00

9.05,103,39143.00

9.05,103,39164.00

9.16,103,39186.00

8.54,103,39208.00

8.51,103,39230.00

9.05,103,39251.00

8.87,103,39274.00

9.25,103,39296.00

9.30,103,39317.00

8.71,103,39340.00

8.65,103,39361.00

8.78,103,39383.00

8.62,103,39405.00

8.11,103,39427.00

8.18,103,39448.00

8.89,103,39471.00

8.83,103,39492.00

8.89,103,39514.00

8.78,103,39536.00

8.65,103,39558.00

8.27,103,39579.00

9.09,103,39602.00

8.65,103,39623.00

8.82,103,39645.00

8.92,103,39667.00

8.51,103,39689.00

8.24,103,39710.00

8.78,103,39733.00

9.16,103,39754.00

9.36,103,39776.00

9.00,103,39798.00

8.51,103,39820.00

9.10,103,39841.00

8.67,103,39863.00

9.03,103,39885.00

9.16,103,39907.00

9.21,103,39928.00

9.10,103,39951.00

9.25,103,39972.00

9.27,103,39994.00

9.65,103,40016.00

9.27,103,40038.00

9.30,103,40059.00

9.25,103,40082.00

9.38,103,40103.00

9.38,103,40125.00

9.32,103,40147.00

9.43,103,40169.00

9.43,103,40190.00

9.36,103,40213.00

9.48,103,40235.00

9.48,103,40256.00

9.38,103,40279.00

9.83,103,40300.00

9.54,103,40322.00

9.77,103,40344.00

9.83,103,40366.00

10.37,103,40387.00

10.70,103,40411.00

10.37,103,40433.00

10.37,103,40456.00

9.77,103,40479.00

9.54,103,40501.00

9.54,103,40522.00

9.36,103,40545.00

9.48,103,40566.00

9.48,103,40588.00

9.30,103,40610.00

9.30,103,40632.00

9.81,103,40653.00

9.65,103,40676.00

9.65,103,40697.00

9.27,103,40719.00

9.05,103,40741.00

8.54,103,40763.00

8.60,103,40784.00

8.45,103,40807.00

8.87,103,40828.00

9.00,103,40850.00

8.87,103,40872.00

8.43,103,40894.00

9.00,103,40915.00

8.89,103,40938.00

8.87,103,40960.00

9.00,103,40981.00

8.89,103,41004.00

8.92,103,41025.00

8.60,103,41047.00

8.49,103,41069.00

8.56,103,41091.00

