ÿ103,50.39,50.39,0.00,3.00

103,52.18,50.39,0.10,13.00

103,50.16,50.39,0.10,23.00

103,51.64,50.39,0.10,33.00

103,51.19,50.39,0.04,59.00

103,50.70,50.39,0.03,88.00

103,51.32,50.39,0.03,117.00

103,49.99,50.39,0.03,147.00

103,51.84,50.39,0.03,178.00

103,51.84,50.39,0.03,207.00

103,52.37,50.39,0.03,238.00

103,50.39,50.39,0.03,268.00

103,51.32,50.39,0.03,297.00

103,51.04,50.39,0.03,328.00

103,51.04,50.39,0.03,358.00

103,51.80,50.39,0.03,389.00

103,50.77,50.39,0.03,418.00

103,51.48,50.39,0.03,449.00

103,51.37,50.39,0.03,479.00

103,51.42,50.39,0.03,509.00

103,52.24,50.39,0.03,539.00

103,52.35,50.39,0.03,570.00

103,50.97,50.39,0.03,600.00

103,50.77,50.39,0.03,629.00

103,50.97,50.39,0.03,660.00

103,50.08,50.39,0.03,690.00

103,51.41,50.39,0.03,720.00

103,50.03,50.39,0.03,750.00

103,49.65,50.39,0.03,781.00

103,51.89,50.39,0.03,811.00

103,50.54,50.39,0.03,841.00

103,49.98,50.39,0.03,871.00

103,51.82,50.39,0.03,902.00

103,50.03,50.39,0.03,931.00

103,51.95,50.39,0.03,961.00

103,50.41,50.39,0.03,992.00

103,50.70,50.39,0.03,1021.00

103,49.16,50.39,0.03,1053.00

103,49.92,50.39,0.03,1084.00

103,50.92,50.39,0.03,1116.00

103,50.39,50.39,0.03,1146.00

103,50.83,50.39,0.03,1178.00

103,51.79,50.39,0.03,1209.00

103,50.08,50.39,0.03,1241.00

103,49.43,50.39,0.03,1271.00

103,49.87,50.39,0.03,1302.00

103,51.53,50.39,0.03,1334.00

103,51.19,50.39,0.03,1364.00

103,50.92,50.39,0.03,1396.00

103,50.95,50.39,0.03,1427.00

103,52.55,50.39,0.03,1459.00

103,50.25,50.39,0.03,1489.00

103,50.86,50.39,0.03,1521.00

103,53.38,50.39,0.03,1552.00

103,53.54,50.39,0.03,1584.00

103,51.03,50.39,0.03,1614.00

103,51.57,50.39,0.03,1646.00

103,49.32,50.39,0.03,1677.00

103,50.68,50.39,0.03,1709.00

103,51.13,50.39,0.03,1739.00

103,51.62,50.39,0.03,1771.00

103,51.19,50.39,0.03,1802.00

103,51.68,50.39,0.03,1833.00

103,51.70,50.39,0.03,1864.00

103,49.70,50.39,0.03,1895.00

103,49.54,50.39,0.03,1927.00

103,50.52,50.39,0.03,1957.00

103,51.19,50.39,0.03,1989.00

103,51.32,50.39,0.03,2020.00

103,51.95,50.39,0.03,2052.00

103,51.13,50.39,0.03,2082.00

103,49.98,50.39,0.03,2114.00

103,50.36,50.39,0.03,2145.00

103,52.00,50.39,0.03,2177.00

103,50.14,50.39,0.03,2207.00

103,49.32,50.39,0.03,2238.00

103,50.03,50.39,0.03,2270.00

103,50.19,50.39,0.03,2300.00

103,50.70,50.39,0.03,2332.00

103,50.30,50.39,0.03,2363.00

103,49.60,50.39,0.03,2395.00

103,49.16,50.39,0.03,2425.00

103,49.81,50.39,0.03,2457.00

103,49.87,50.39,0.03,2488.00

103,48.78,50.39,0.03,2520.00

103,50.72,50.39,0.03,2550.00

103,51.03,50.39,0.03,2582.00

103,50.97,50.39,0.03,2613.00

103,53.63,50.39,0.03,2644.00

103,49.90,50.39,0.03,2675.00

103,49.43,50.39,0.03,2707.00

103,48.78,50.39,0.03,2738.00

103,51.91,50.39,0.03,2769.00

103,50.08,50.39,0.03,2800.00

103,48.84,50.39,0.03,2831.00

103,51.13,50.39,0.03,2863.00

103,50.86,50.39,0.03,2893.00

103,49.98,50.39,0.03,2925.00

103,49.54,50.39,0.03,2956.00

103,50.43,50.39,0.03,2988.00

103,51.24,50.39,0.03,3018.00

103,51.57,50.39,0.03,3050.00

103,49.38,50.39,0.03,3081.00

103,48.89,50.39,0.03,3112.00

103,50.41,50.39,0.03,3143.00

103,49.58,50.39,0.03,3175.00

103,48.51,50.39,0.03,3206.00

103,49.87,50.39,0.03,3237.00

103,50.41,50.39,0.03,3268.00

103,49.05,50.39,0.03,3299.00

103,48.13,50.39,0.03,3331.00

103,48.35,50.39,0.03,3361.00

103,48.35,50.39,0.03,3393.00

103,50.92,50.39,0.03,3424.00

103,50.92,50.39,0.03,3456.00

103,52.00,50.39,0.03,3486.00

103,52.06,50.39,0.03,3518.00

103,49.00,50.39,0.03,3549.00

103,48.87,50.39,0.03,3580.00

103,50.08,50.39,0.03,3611.00

103,50.39,50.39,0.03,3643.00

103,48.76,50.39,0.03,3674.00

103,50.23,50.39,0.03,3705.00

103,48.35,50.39,0.03,3736.00

103,48.51,50.39,0.03,3767.00

103,48.44,50.39,0.03,3799.00

103,48.98,50.39,0.03,3829.00

103,51.13,50.39,0.03,3861.00

103,49.65,50.39,0.03,3892.00

103,51.08,50.39,0.03,3923.00

103,50.36,50.39,0.03,3954.00

103,48.46,50.39,0.03,3986.00

103,47.97,50.39,0.03,4017.00

103,49.11,50.39,0.03,4048.00

103,49.81,50.39,0.03,4079.00

103,51.42,50.39,0.03,4111.00

103,50.72,50.39,0.03,4142.00

103,47.97,50.39,0.03,4172.00

103,49.18,50.39,0.03,4204.00

103,48.04,50.39,0.03,4235.00

103,51.30,50.39,0.03,4267.00

103,49.38,50.39,0.03,4297.00

103,51.19,50.39,0.03,4329.00

103,51.35,50.39,0.03,4360.00

103,53.76,50.39,0.03,4391.00

103,49.22,50.39,0.03,4422.00

103,48.67,50.39,0.03,4454.00

103,49.22,50.39,0.03,4485.00

103,50.94,50.39,0.03,4516.00

103,51.30,50.39,0.03,4547.00

103,48.51,50.39,0.03,4579.00

103,49.70,50.39,0.03,4610.00

103,50.70,50.39,0.03,4641.00

103,47.97,50.39,0.03,4672.00

103,48.84,50.39,0.03,4703.00

103,49.78,50.39,0.03,4734.00

103,48.13,50.39,0.03,4765.00

103,49.43,50.39,0.03,4797.00

103,50.19,50.39,0.03,4828.00

103,47.57,50.39,0.03,4859.00

103,48.08,50.39,0.03,4890.00

103,47.91,50.39,0.03,4922.00

103,47.53,50.39,0.03,4953.00

103,50.03,50.39,0.03,4984.00

103,49.60,50.39,0.03,5015.00

103,47.04,50.39,0.03,5047.00

103,47.10,50.39,0.03,5078.00

103,47.26,50.39,0.03,5109.00

103,46.72,50.39,0.03,5140.00

103,47.75,50.39,0.03,5171.00

103,49.22,50.39,0.03,5202.00

103,48.56,50.39,0.03,5233.00

103,50.19,50.39,0.03,5265.00

103,47.59,50.39,0.03,5296.00

103,52.65,50.39,0.03,5327.00

103,48.13,50.39,0.03,5358.00

103,48.67,50.39,0.03,5390.00

103,48.89,50.39,0.03,5421.00

103,49.23,50.39,0.03,5452.00

103,49.22,50.39,0.03,5483.00

103,51.80,50.39,0.03,5515.00

103,48.02,50.39,0.03,5545.00

103,47.79,50.39,0.03,5577.00

103,47.51,50.39,0.03,5608.00

103,47.37,50.39,0.03,5639.00

103,48.18,50.39,0.03,5670.00

103,48.84,50.39,0.03,5701.00

103,47.26,50.39,0.03,5733.00

103,47.22,50.39,0.03,5764.00

103,46.50,50.39,0.03,5795.00

103,46.07,50.39,0.03,5826.00

103,45.90,50.39,0.03,5858.00

103,46.77,50.39,0.03,5889.00

103,46.17,50.39,0.03,5920.00

103,46.28,50.39,0.03,5951.00

103,47.88,50.39,0.03,5983.00

103,46.55,50.39,0.03,6013.00

103,45.69,50.39,0.03,6044.00

103,45.45,50.39,0.03,6076.00

103,45.51,50.39,0.03,6107.00

103,45.36,50.39,0.03,6138.00

103,45.31,50.39,0.03,6169.00

103,44.60,50.39,0.03,6201.00

103,45.36,50.39,0.03,6232.00

103,45.03,50.39,0.03,6263.00

103,44.49,50.39,0.03,6294.00

103,44.17,50.39,0.03,6326.00

103,45.40,50.39,0.03,6356.00

103,44.58,50.39,0.03,6388.00

103,44.55,50.39,0.03,6419.00

103,43.30,50.39,0.03,6450.00

103,42.59,50.39,0.03,6481.00

103,43.22,50.39,0.03,6512.00

103,42.41,50.39,0.03,6544.00

103,41.81,50.39,0.03,6575.00

103,44.38,50.39,0.03,6606.00

103,44.71,50.39,0.03,6637.00

103,43.03,50.39,0.03,6669.00

103,41.49,50.39,0.03,6700.00

103,40.89,50.39,0.03,6731.00

103,41.11,50.39,0.03,6762.00

103,40.89,50.39,0.03,6793.00

103,40.73,50.39,0.03,6824.00

103,40.56,50.39,0.03,6855.00

103,41.29,50.39,0.03,6887.00

103,40.73,50.39,0.03,6918.00

103,39.59,50.39,0.03,6949.00

103,39.69,50.39,0.03,6980.00

103,39.69,50.39,0.03,7012.00

103,38.93,50.39,0.03,7043.00

103,38.50,50.39,0.03,7074.00

103,38.83,50.39,0.03,7105.00

103,38.55,50.39,0.03,7137.00

103,38.36,50.39,0.03,7168.00

103,38.28,50.39,0.03,7198.00

103,37.87,50.39,0.03,7230.00

103,38.23,50.39,0.03,7261.00

103,41.00,50.39,0.03,7292.00

103,37.96,50.39,0.03,7323.00

103,37.36,50.39,0.03,7355.00

103,36.76,50.39,0.03,7386.00

103,37.09,50.39,0.03,7417.00

103,37.85,50.39,0.03,7448.00

103,37.69,50.39,0.03,7480.00

103,37.58,50.39,0.03,7511.00

103,39.80,50.39,0.03,7542.00

103,38.34,50.39,0.03,7573.00

103,36.76,50.39,0.03,7604.00

103,36.17,50.39,0.03,7635.00

103,36.49,50.39,0.03,7666.00

103,36.82,50.39,0.03,7698.00

103,38.28,50.39,0.03,7729.00

103,37.20,50.39,0.03,7760.00

103,36.55,50.39,0.03,7791.00

103,36.00,50.39,0.03,7823.00

103,35.46,50.39,0.03,7854.00

103,34.43,50.39,0.03,7885.00

103,35.02,50.39,0.03,7916.00

103,38.88,50.39,0.03,7948.00

103,35.79,50.39,0.03,7979.00

103,38.34,50.39,0.03,8010.00

103,34.05,50.39,0.03,8041.00

103,33.81,50.39,0.03,8072.00

103,34.48,50.39,0.03,8103.00

103,35.89,50.39,0.03,8134.00

103,33.72,50.39,0.03,8166.00

103,33.12,50.39,0.03,8197.00

103,33.81,50.39,0.03,8228.00

103,34.19,50.39,0.03,8259.00

103,34.14,50.39,0.03,8291.00

103,33.67,50.39,0.03,8322.00

103,33.12,50.39,0.03,8352.00

103,32.36,50.39,0.03,8384.00

103,32.31,50.39,0.03,8415.00

103,32.42,50.39,0.03,8446.00

103,31.93,50.39,0.03,8477.00

103,31.98,50.39,0.03,8509.00

103,33.18,50.39,0.03,8540.00

103,33.45,50.39,0.03,8571.00

103,32.69,50.39,0.03,8602.00

103,33.56,50.39,0.03,8634.00

103,32.80,50.39,0.03,8665.00

103,30.28,50.39,0.03,8695.00

103,30.83,50.39,0.03,8727.00

103,32.20,50.39,0.03,8759.00

103,32.24,50.39,0.03,8790.00

103,29.69,50.39,0.03,8820.00

103,29.85,50.39,0.03,8852.00

103,32.53,50.39,0.03,8883.00

103,29.25,50.39,0.03,8914.00

103,29.30,50.39,0.03,8945.00

103,28.64,50.39,0.03,8977.00

103,29.88,50.39,0.03,9008.00

103,29.72,50.39,0.03,9039.00

103,28.53,50.39,0.03,9070.00

103,28.47,50.39,0.03,9101.00

103,31.19,50.39,0.03,9133.00

103,29.50,50.39,0.03,9163.00

103,29.02,50.39,0.03,9195.00

103,31.19,50.39,0.03,9227.00

103,31.62,50.39,0.03,9257.00

103,29.12,50.39,0.03,9288.00

103,28.26,50.39,0.03,9320.00

103,28.91,50.39,0.03,9351.00

103,28.96,50.39,0.03,9382.00

103,31.53,50.39,0.03,9413.00

103,30.16,50.39,0.03,9445.00

103,30.21,50.39,0.03,9476.00

103,30.54,50.39,0.03,9507.00

103,29.94,50.39,0.03,9538.00

103,29.69,50.39,0.03,9570.00

103,28.64,50.39,0.03,9601.00

103,28.58,50.39,0.03,9631.00

103,28.31,50.39,0.03,9663.00

103,29.67,50.39,0.03,9694.00

103,28.62,50.39,0.03,9725.00

103,28.53,50.39,0.03,9756.00

103,29.18,50.39,0.03,9788.00

103,28.69,50.39,0.03,9819.00

103,28.91,50.39,0.03,9850.00

103,27.60,50.39,0.03,9881.00

103,27.93,50.39,0.03,9913.00

103,30.23,50.39,0.03,9944.00

103,29.50,50.39,0.03,9975.00

103,30.37,50.39,0.03,10006.00

103,28.47,50.39,0.03,10039.00

103,36.27,50.39,0.03,10071.00

103,27.33,50.39,0.03,10102.00

103,28.09,50.39,0.03,10135.00

103,30.86,50.39,0.03,10168.00

103,31.02,50.39,0.03,10200.00

103,34.19,50.39,0.03,10232.00

103,31.02,50.39,0.03,10264.00

103,28.15,50.39,0.03,10296.00

103,29.83,50.39,0.03,10329.00

103,34.70,50.39,0.03,10361.00

103,36.27,50.39,0.03,10393.00

103,28.36,50.39,0.03,10425.00

103,27.82,50.39,0.03,10458.00

103,28.36,50.39,0.03,10489.00

103,28.64,50.39,0.03,10522.00

103,28.20,50.39,0.03,10554.00

103,28.53,50.39,0.03,10587.00

103,28.20,50.39,0.03,10618.00

103,28.42,50.39,0.03,10651.00

103,28.36,50.39,0.03,10683.00

103,29.07,50.39,0.03,10716.00

103,28.26,50.39,0.03,10747.00

103,27.60,50.39,0.03,10780.00

103,28.64,50.39,0.03,10812.00

103,28.15,50.39,0.03,10845.00

103,27.82,50.39,0.03,10876.00

103,33.38,50.39,0.03,10909.00

103,29.72,50.39,0.03,10941.00

103,28.20,50.39,0.03,10974.00

103,28.20,50.39,0.03,11005.00

103,28.74,50.39,0.03,11038.00

103,39.80,50.39,0.03,11071.00

103,28.96,50.39,0.03,11103.00

103,28.15,50.39,0.03,11134.00

103,27.93,50.39,0.03,11166.00

103,27.44,50.39,0.03,11199.00

103,27.60,50.39,0.03,11231.00

103,28.02,50.39,0.03,11264.00

103,28.64,50.39,0.03,11295.00

103,28.09,50.39,0.03,11328.00

103,29.11,50.39,0.03,11360.00

103,28.04,50.39,0.03,11393.00

103,28.09,50.39,0.03,11424.00

103,28.42,50.39,0.03,11457.00

103,28.47,50.39,0.03,11489.00

103,28.31,50.39,0.03,11522.00

103,28.69,50.39,0.03,11553.00

103,33.70,50.39,0.03,11586.00

103,28.91,50.39,0.03,11618.00

103,35.24,50.39,0.03,11651.00

103,27.66,50.39,0.03,11682.00

103,27.39,50.39,0.03,11715.00

103,27.77,50.39,0.03,11747.00

103,28.42,50.39,0.03,11780.00

103,28.42,50.39,0.03,11811.00

103,27.71,50.39,0.03,11844.00

103,28.18,50.39,0.03,11876.00

103,28.58,50.39,0.03,11909.00

103,29.18,50.39,0.03,11940.00

103,27.82,50.39,0.03,11973.00

103,27.01,50.39,0.03,12005.00

103,26.52,50.39,0.03,12037.00

103,26.41,50.39,0.03,12069.00

103,26.41,50.39,0.03,12101.00

103,25.87,50.39,0.03,12134.00

103,26.46,50.39,0.03,12166.00

103,27.17,50.39,0.03,12198.00

103,27.71,50.39,0.03,12230.00

103,29.02,50.39,0.03,12263.00

103,28.15,50.39,0.03,12295.00

103,26.19,50.39,0.03,12327.00

103,26.25,50.39,0.03,12359.00

103,26.63,50.39,0.03,12392.00

103,26.28,50.39,0.03,12424.00

103,26.57,50.39,0.03,12456.00

103,26.63,50.39,0.03,12488.00

103,26.90,50.39,0.03,12521.00

103,26.79,50.39,0.03,12553.00

103,26.57,50.39,0.03,12585.00

103,26.08,50.39,0.03,12617.00

103,25.87,50.39,0.03,12650.00

103,25.92,50.39,0.03,12682.00

103,25.74,50.39,0.03,12715.00

103,25.81,50.39,0.03,12746.00

103,25.65,50.39,0.03,12779.00

103,25.70,50.39,0.03,12811.00

103,25.85,50.39,0.03,12844.00

103,25.43,50.39,0.03,12875.00

103,25.76,50.39,0.03,12908.00

103,25.11,50.39,0.03,12940.00

103,25.97,50.39,0.03,12973.00

103,25.43,50.39,0.03,13004.00

103,27.49,50.39,0.03,13037.00

103,25.97,50.39,0.03,13069.00

103,25.05,50.39,0.03,13101.00

103,25.97,50.39,0.03,13133.00

103,27.28,50.39,0.03,13165.00

103,25.27,50.39,0.03,13198.00

103,26.30,50.39,0.03,13230.00

103,25.87,50.39,0.03,13262.00

103,25.32,50.39,0.03,13294.00

103,24.76,50.39,0.03,13327.00

103,27.22,50.39,0.03,13359.00

103,26.25,50.39,0.03,13391.00

103,25.05,50.39,0.03,13423.00

103,25.92,50.39,0.03,13456.00

103,26.30,50.39,0.03,13488.00

103,26.57,50.39,0.03,13520.00

103,25.87,50.39,0.03,13552.00

103,27.22,50.39,0.03,13585.00

103,24.56,50.39,0.03,13617.00

103,25.54,50.39,0.03,13649.00

103,26.19,50.39,0.03,13681.00

103,24.82,50.39,0.03,13714.00

103,25.05,50.39,0.03,13746.00

103,25.05,50.39,0.03,13778.00

103,25.16,50.39,0.03,13810.00

103,25.16,50.39,0.03,13843.00

103,25.65,50.39,0.03,13875.00

103,25.11,50.39,0.03,13907.00

103,26.46,50.39,0.03,13939.00

103,25.43,50.39,0.03,13971.00

103,24.78,50.39,0.03,14004.00

103,25.16,50.39,0.03,14035.00

103,25.16,50.39,0.03,14068.00

103,26.90,50.39,0.03,14101.00

103,25.81,50.39,0.03,14133.00

103,25.87,50.39,0.03,14164.00

103,25.25,50.39,0.03,14197.00

103,27.22,50.39,0.03,14229.00

103,25.81,50.39,0.03,14262.00

103,25.54,50.39,0.03,14294.00

103,26.41,50.39,0.03,14326.00

103,28.04,50.39,0.03,14358.00

103,28.42,50.39,0.03,14391.00

103,26.35,50.39,0.03,14423.00

103,25.92,50.39,0.03,14455.00

103,26.52,50.39,0.03,14487.00

103,25.54,50.39,0.03,14520.00

103,25.65,50.39,0.03,14552.00

103,26.79,50.39,0.03,14584.00

103,26.79,50.39,0.03,14616.00

103,25.27,50.39,0.03,14649.00

103,26.19,50.39,0.03,14681.00

103,25.05,50.39,0.03,14713.00

103,25.05,50.39,0.03,14745.00

103,24.73,50.39,0.03,14778.00

103,25.90,50.39,0.03,14810.00

103,24.35,50.39,0.03,14842.00

103,25.09,50.39,0.03,14874.00

103,29.02,50.39,0.03,14907.00

103,28.15,50.39,0.03,14939.00

103,24.78,50.39,0.03,14970.00

103,24.18,50.39,0.03,15003.00

103,24.00,50.39,0.03,15035.00

103,24.67,50.39,0.03,15068.00

103,24.27,50.39,0.03,15099.00

103,27.49,50.39,0.03,15132.00

103,26.14,50.39,0.03,15164.00

103,23.91,50.39,0.03,15197.00

103,25.00,50.39,0.03,15228.00

103,24.51,50.39,0.03,15261.00

103,24.87,50.39,0.03,15293.00

103,24.98,50.39,0.03,15326.00

103,27.11,50.39,0.03,15357.00

103,26.52,50.39,0.03,15390.00

103,25.16,50.39,0.03,15422.00

103,27.39,50.39,0.03,15455.00

103,27.01,50.39,0.03,15486.00

103,24.38,50.39,0.03,15519.00

103,24.83,50.39,0.03,15551.00

103,26.63,50.39,0.03,15584.00

103,24.06,50.39,0.03,15616.00

103,23.91,50.39,0.03,15648.00

103,27.28,50.39,0.03,15680.00

103,25.03,50.39,0.03,15713.00

103,24.29,50.39,0.03,15745.00

103,25.49,50.39,0.03,15777.00

103,31.73,50.39,0.03,15809.00

103,24.29,50.39,0.03,15842.00

103,23.80,50.39,0.03,15874.00

103,39.69,50.39,0.03,15906.00

103,28.80,50.39,0.03,15938.00

103,23.69,50.39,0.03,15970.00

103,23.73,50.39,0.03,16003.00

103,25.85,50.39,0.03,16035.00

103,25.49,50.39,0.03,16067.00

103,23.80,50.39,0.03,16099.00

103,23.84,50.39,0.03,16132.00

103,27.62,50.39,0.03,16164.00

103,26.68,50.39,0.03,16196.00

103,27.71,50.39,0.03,16229.00

103,23.75,50.39,0.03,16261.00

103,24.22,50.39,0.03,16292.00

103,25.76,50.39,0.03,16325.00

103,24.60,50.39,0.03,16357.00

103,23.53,50.39,0.03,16390.00

103,29.67,50.39,0.03,16422.00

103,25.58,50.39,0.03,16454.00

103,23.48,50.39,0.03,16486.00

103,24.29,50.39,0.03,16519.00

103,31.30,50.39,0.03,16551.00

103,23.84,50.39,0.03,16583.00

103,23.53,50.39,0.03,16615.00

103,26.73,50.39,0.03,16648.00

103,23.59,50.39,0.03,16679.00

103,23.84,50.39,0.03,16712.00

103,25.47,50.39,0.03,16744.00

103,24.24,50.39,0.03,16777.00

103,23.46,50.39,0.03,16808.00

103,36.87,50.39,0.03,16841.00

103,36.87,50.39,0.03,16874.00

103,23.42,50.39,0.03,16905.00

103,23.73,50.39,0.03,16937.00

103,26.03,50.39,0.03,16970.00

103,23.24,50.39,0.03,17002.00

103,22.88,50.39,0.03,17034.00

103,22.81,50.39,0.03,17067.00

103,25.54,50.39,0.03,17098.00

103,23.62,50.39,0.03,17131.00

103,23.15,50.39,0.03,17163.00

103,23.95,50.39,0.03,17196.00

103,30.16,50.39,0.03,17228.00

103,24.27,50.39,0.03,17260.00

103,22.93,50.39,0.03,17292.00

103,36.91,50.39,0.03,17325.00

103,23.57,50.39,0.03,17356.00

103,23.91,50.39,0.03,17389.00

103,25.65,50.39,0.03,17421.00

103,24.62,50.39,0.03,17454.00

103,22.26,50.39,0.03,17485.00

103,22.50,50.39,0.03,17518.00

103,23.04,50.39,0.03,17550.00

103,22.34,50.39,0.03,17583.00

103,21.50,50.39,0.03,17614.00

103,21.47,50.39,0.03,17646.00

103,21.96,50.39,0.03,17679.00

103,21.94,50.39,0.03,17711.00

103,23.30,50.39,0.03,17743.00

103,22.77,50.39,0.03,17776.00

103,21.45,50.39,0.03,17808.00

103,22.50,50.39,0.03,17840.00

103,22.59,50.39,0.03,17872.00

103,24.24,50.39,0.03,17905.00

103,21.94,50.39,0.03,17937.00

103,22.50,50.39,0.03,17969.00

103,23.69,50.39,0.03,18001.00

103,22.12,50.39,0.03,18033.00

103,23.10,50.39,0.03,18066.00

103,25.54,50.39,0.03,18098.00

103,24.24,50.39,0.03,18130.00

103,22.54,50.39,0.03,18162.00

103,23.42,50.39,0.03,18195.00

103,24.13,50.39,0.03,18227.00

103,22.82,50.39,0.03,18259.00

103,23.80,50.39,0.03,18291.00

103,22.88,50.39,0.03,18324.00

103,23.64,50.39,0.03,18356.00

103,23.04,50.39,0.03,18388.00

103,24.07,50.39,0.03,18420.00

103,31.93,50.39,0.03,18453.00

103,22.06,50.39,0.03,18485.00

103,21.39,50.39,0.03,18518.00

103,21.52,50.39,0.03,18549.00

103,21.50,50.39,0.03,18582.00

103,22.34,50.39,0.03,18614.00

103,25.41,50.39,0.03,18647.00

103,24.73,50.39,0.03,18678.00

103,22.86,50.39,0.03,18711.00

103,21.72,50.39,0.03,18743.00

103,20.74,50.39,0.03,18775.00

103,21.12,50.39,0.03,18807.00

103,21.09,50.39,0.03,18839.00

103,24.94,50.39,0.03,18872.00

103,22.61,50.39,0.03,18904.00

103,22.44,50.39,0.03,18936.00

103,21.85,50.39,0.03,18968.00

103,22.72,50.39,0.03,19001.00

103,20.85,50.39,0.03,19033.00

103,21.29,50.39,0.03,19065.00

103,23.10,50.39,0.03,19097.00

103,23.53,50.39,0.03,19130.00

103,21.34,50.39,0.03,19162.00

103,22.21,50.39,0.03,19194.00

103,23.19,50.39,0.03,19226.00

103,21.03,50.39,0.03,19259.00

103,20.69,50.39,0.03,19291.00

103,21.01,50.39,0.03,19323.00

103,23.04,50.39,0.03,19355.00

103,23.97,50.39,0.03,19388.00

103,21.94,50.39,0.03,19420.00

103,20.47,50.39,0.03,19452.00

103,21.01,50.39,0.03,19484.00

103,22.61,50.39,0.03,19517.00

103,22.34,50.39,0.03,19549.00

103,20.96,50.39,0.03,19581.00

103,20.96,50.39,0.03,19613.00

103,21.45,50.39,0.03,19646.00

103,21.03,50.39,0.03,19678.00

103,20.53,50.39,0.03,19709.00

103,20.42,50.39,0.03,19742.00

103,20.76,50.39,0.03,19774.00

103,21.99,50.39,0.03,19807.00

103,20.85,50.39,0.03,19838.00

103,20.65,50.39,0.03,19871.00

103,22.72,50.39,0.03,19903.00

103,20.44,50.39,0.03,19936.00

103,19.93,50.39,0.03,19968.00

103,20.49,50.39,0.03,20000.00

103,23.19,50.39,0.03,20032.00

103,24.60,50.39,0.03,20065.00

103,21.39,50.39,0.03,20097.00

103,28.58,50.39,0.03,20129.00

103,19.98,50.39,0.03,20161.00

103,20.15,50.39,0.03,20194.00

103,19.82,50.39,0.03,20226.00

103,20.36,50.39,0.03,20258.00

103,21.74,50.39,0.03,20290.00

103,21.03,50.39,0.03,20323.00

103,21.12,50.39,0.03,20355.00

103,21.09,50.39,0.03,20387.00

103,21.23,50.39,0.03,20419.00

103,21.20,50.39,0.03,20452.00

103,20.87,50.39,0.03,20484.00

103,21.18,50.39,0.03,20516.00

103,20.85,50.39,0.03,20548.00

103,20.80,50.39,0.03,20581.00

103,20.82,50.39,0.03,20613.00

103,20.80,50.39,0.03,20645.00

103,21.29,50.39,0.03,20677.00

103,21.68,50.39,0.03,20710.00

103,24.29,50.39,0.03,20742.00

103,20.69,50.39,0.03,20773.00

103,20.63,50.39,0.03,20806.00

103,20.60,50.39,0.03,20838.00

103,23.97,50.39,0.03,20871.00

103,23.40,50.39,0.03,20903.00

103,24.29,50.39,0.03,20935.00

103,22.86,50.39,0.03,20967.00

103,29.41,50.39,0.03,21000.00

103,21.29,50.39,0.03,21031.00

103,21.23,50.39,0.03,21064.00

103,21.99,50.39,0.03,21096.00

103,25.59,50.39,0.03,21129.00

103,23.10,50.39,0.03,21160.00

103,52.76,50.39,0.03,21194.00

103,37.41,50.39,0.03,21226.00

103,35.19,50.39,0.03,21258.00

103,22.05,50.39,0.03,21289.00

103,21.41,50.39,0.03,21322.00

103,53.22,50.39,0.03,21356.00

103,23.80,50.39,0.03,21387.00

103,19.98,50.39,0.03,21419.00

103,20.42,50.39,0.03,21451.00

103,19.71,50.39,0.03,21483.00

103,19.73,50.39,0.03,21516.00

103,22.92,50.39,0.03,21548.00

103,20.06,50.39,0.03,21580.00

103,19.22,50.39,0.03,21612.00

103,20.15,50.39,0.03,21644.00

103,22.66,50.39,0.03,21677.00

103,24.24,50.39,0.03,21709.00

103,20.42,50.39,0.03,21741.00

103,19.49,50.39,0.03,21773.00

103,20.38,50.39,0.03,21806.00

103,19.84,50.39,0.03,21837.00

103,19.24,50.39,0.03,21870.00

103,19.55,50.39,0.03,21902.00

103,41.92,50.39,0.03,21936.00

103,37.85,50.39,0.03,21967.00

103,28.42,50.39,0.03,21999.00

103,23.10,50.39,0.03,22031.00

103,24.22,50.39,0.03,22064.00

103,20.47,50.39,0.03,22095.00

103,19.87,50.39,0.03,22128.00

103,19.73,50.39,0.03,22160.00

103,19.57,50.39,0.03,22193.00

103,18.95,50.39,0.03,22224.00

103,19.77,50.39,0.03,22257.00

103,19.28,50.39,0.03,22289.00

103,23.69,50.39,0.03,22322.00

103,16.73,50.39,0.03,22353.00

103,18.03,50.39,0.03,22386.00

103,27.55,50.39,0.03,22419.00

103,20.47,50.39,0.03,22451.00

103,16.18,50.39,0.03,22482.00

103,16.56,50.39,0.03,22514.00

103,16.13,50.39,0.03,22547.00

103,16.45,50.39,0.03,22579.00

103,14.93,50.39,0.03,22611.00

103,16.02,50.39,0.03,22643.00

103,14.50,50.39,0.03,22676.00

103,14.82,50.39,0.03,22708.00

103,14.12,50.39,0.03,22740.00

103,14.01,50.39,0.03,22772.00

103,13.79,50.39,0.03,22805.00

103,12.85,50.39,0.03,22837.00

103,13.58,50.39,0.03,22870.00

103,12.96,50.39,0.03,22901.00

103,12.96,50.39,0.03,22933.00

103,13.45,50.39,0.03,22966.00

103,13.12,50.39,0.03,22998.00

103,12.51,50.39,0.03,23030.00

103,12.62,50.39,0.03,23062.00

103,12.45,50.39,0.03,23095.00

103,12.13,50.39,0.03,23127.00

103,12.51,50.39,0.03,23159.00

103,13.18,50.39,0.03,23191.00

103,13.41,50.39,0.03,23224.00

103,13.52,50.39,0.03,23256.00

103,13.41,50.39,0.03,23288.00

103,13.47,50.39,0.03,23320.00

103,12.53,50.39,0.03,23353.00

103,11.96,50.39,0.03,23385.00

103,12.78,50.39,0.03,23417.00

103,13.41,50.39,0.03,23449.00

103,11.98,50.39,0.03,23482.00

103,13.18,50.39,0.03,23514.00

103,12.02,50.39,0.03,23546.00

103,13.12,50.39,0.03,23578.00

103,11.96,50.39,0.03,23611.00

103,13.07,50.39,0.03,23643.00

103,11.96,50.39,0.03,23675.00

103,12.29,50.39,0.03,23707.00

103,12.62,50.39,0.03,23740.00

103,12.56,50.39,0.03,23772.00

103,11.75,50.39,0.03,23803.00

103,11.69,50.39,0.03,23836.00

103,12.29,50.39,0.03,23868.00

103,12.31,50.39,0.03,23901.00

103,13.74,50.39,0.03,23933.00

103,12.02,50.39,0.03,23965.00

103,15.64,50.39,0.03,23998.00

103,25.27,50.39,0.03,24031.00

103,13.90,50.39,0.03,24061.00

103,12.51,50.39,0.03,24094.00

103,14.61,50.39,0.03,24126.00

103,58.59,50.39,0.03,24161.00

103,56.02,50.39,0.03,24194.00

103,12.04,50.39,0.03,24223.00

103,10.23,50.39,0.03,24255.00

103,9.47,50.39,0.03,24288.00

103,9.47,50.39,0.03,24318.00

103,10.50,50.39,0.03,24350.00

103,9.47,50.39,0.03,24382.00

103,8.98,50.39,0.03,24413.00

103,8.82,50.39,0.03,24444.00

103,9.41,50.39,0.03,24475.00

103,9.30,50.39,0.03,24507.00

103,9.90,50.39,0.03,24538.00

103,9.41,50.39,0.03,24569.00

103,9.14,50.39,0.03,24600.00

103,10.12,50.39,0.03,24632.00

103,9.52,50.39,0.03,24664.00

103,11.77,50.39,0.03,24695.00

103,12.96,50.39,0.03,24727.00

103,12.51,50.39,0.03,24760.00

103,12.74,50.39,0.03,24792.00

103,12.31,50.39,0.03,24824.00

103,12.04,50.39,0.03,24856.00

103,12.36,50.39,0.03,24889.00

103,13.32,50.39,0.03,24921.00

103,13.10,50.39,0.03,24953.00

103,12.63,50.39,0.03,24985.00

103,11.96,50.39,0.03,25018.00

103,11.48,50.39,0.03,25050.00

103,9.85,50.39,0.03,25082.00

103,10.06,50.39,0.03,25113.00

103,8.60,50.39,0.03,25145.00

103,9.68,50.39,0.03,25177.00

103,8.76,50.39,0.03,25207.00

103,8.11,50.39,0.03,25239.00

103,8.65,50.39,0.03,25270.00

103,8.49,50.39,0.03,25302.00

103,8.54,50.39,0.03,25332.00

103,8.87,50.39,0.03,25364.00

103,8.49,50.39,0.03,25395.00

103,8.87,50.39,0.03,25426.00

103,8.60,50.39,0.03,25457.00

103,8.05,50.39,0.03,25489.00

103,8.65,50.39,0.03,25520.00

103,8.60,50.39,0.03,25551.00

103,8.71,50.39,0.03,25582.00

103,10.01,50.39,0.03,25614.00

103,9.14,50.39,0.03,25646.00

103,9.25,50.39,0.03,25676.00

103,9.20,50.39,0.03,25708.00

103,9.32,50.39,0.03,25739.00

103,9.68,50.39,0.03,25771.00

103,9.36,50.39,0.03,25801.00

103,9.20,50.39,0.03,25833.00

103,9.36,50.39,0.03,25864.00

103,8.82,50.39,0.03,25895.00

103,9.30,50.39,0.03,25926.00

103,9.63,50.39,0.03,25958.00

103,8.76,50.39,0.03,25989.00

103,8.11,50.39,0.03,26020.00

103,8.65,50.39,0.03,26051.00

103,8.60,50.39,0.03,26083.00

103,8.49,50.39,0.03,26114.00

103,9.52,50.39,0.03,26145.00

103,9.03,50.39,0.03,26176.00

103,9.68,50.39,0.03,26207.00

103,9.30,50.39,0.03,26238.00

103,8.60,50.39,0.03,26269.00

103,8.54,50.39,0.03,26301.00

103,10.17,50.39,0.03,26332.00

103,10.14,50.39,0.03,26364.00

103,9.90,50.39,0.03,26396.00

103,9.85,50.39,0.03,26428.00

103,9.90,50.39,0.03,26459.00

103,10.61,50.39,0.03,26490.00

103,9.68,50.39,0.03,26522.00

103,8.60,50.39,0.03,26554.00

103,8.67,50.39,0.03,26585.00

103,8.98,50.39,0.03,26616.00

103,9.96,50.39,0.03,26647.00

103,9.03,50.39,0.03,26679.00

103,8.92,50.39,0.03,26710.00

103,9.09,50.39,0.03,26740.00

103,9.52,50.39,0.03,26772.00

103,10.12,50.39,0.03,26803.00

103,10.12,50.39,0.03,26835.00

103,9.79,50.39,0.03,26867.00

103,10.17,50.39,0.03,26899.00

103,9.52,50.39,0.03,26931.00

103,11.69,50.39,0.03,26962.00

103,17.38,50.39,0.03,26995.00

103,11.42,50.39,0.03,27027.00

103,12.02,50.39,0.03,27059.00

103,17.00,50.39,0.03,27091.00

103,12.42,50.39,0.03,27123.00

103,17.38,50.39,0.03,27156.00

103,11.37,50.39,0.03,27188.00

103,9.38,50.39,0.03,27220.00

103,9.85,50.39,0.03,27251.00

103,10.06,50.39,0.03,27283.00

103,9.09,50.39,0.03,27315.00

103,9.03,50.39,0.03,27346.00

103,9.30,50.39,0.03,27377.00

103,9.81,50.39,0.03,27409.00

103,9.74,50.39,0.03,27440.00

103,9.36,50.39,0.03,27470.00

103,9.25,50.39,0.03,27502.00

103,9.41,50.39,0.03,27533.00

103,8.98,50.39,0.03,27565.00

103,11.48,50.39,0.03,27595.00

103,10.24,50.39,0.03,27628.00

103,10.88,50.39,0.03,27660.00

103,13.52,50.39,0.03,27693.00

103,13.36,50.39,0.03,27724.00

103,12.91,50.39,0.03,27757.00

103,12.58,50.39,0.03,27789.00

103,13.25,50.39,0.03,27822.00

103,12.56,50.39,0.03,27853.00

103,12.02,50.39,0.03,27886.00

103,10.35,50.39,0.03,27918.00

103,14.82,50.39,0.03,27951.00

103,12.42,50.39,0.03,27982.00

103,13.00,50.39,0.03,28015.00

103,9.85,50.39,0.03,28047.00

103,9.52,50.39,0.03,28079.00

103,8.49,50.39,0.03,28109.00

103,8.92,50.39,0.03,28140.00

103,8.60,50.39,0.03,28172.00

103,8.60,50.39,0.03,28203.00

103,8.82,50.39,0.03,28234.00

103,8.33,50.39,0.03,28265.00

103,8.11,50.39,0.03,28297.00

103,8.16,50.39,0.03,28327.00

103,8.49,50.39,0.03,28359.00

103,8.16,50.39,0.03,28390.00

103,8.11,50.39,0.03,28422.00

103,10.66,50.39,0.03,28452.00

103,8.43,50.39,0.03,28485.00

103,8.65,50.39,0.03,28516.00

103,8.65,50.39,0.03,28548.00

103,9.25,50.39,0.03,28578.00

103,9.25,50.39,0.03,28610.00

103,8.76,50.39,0.03,28641.00

103,8.92,50.39,0.03,28672.00

103,8.87,50.39,0.03,28703.00

103,8.60,50.39,0.03,28734.00

103,8.98,50.39,0.03,28766.00

103,8.65,50.39,0.03,28796.00

103,8.54,50.39,0.03,28828.00

103,9.14,50.39,0.03,28859.00

103,9.65,50.39,0.03,28891.00

103,9.41,50.39,0.03,28921.00

103,9.41,50.39,0.03,28953.00

103,10.50,50.39,0.03,28984.00

103,15.58,50.39,0.03,29017.00

103,13.63,50.39,0.03,29048.00

103,13.18,50.39,0.03,29081.00

103,14.01,50.39,0.03,29113.00

103,10.99,50.39,0.03,29146.00

103,11.98,50.39,0.03,29177.00

103,12.29,50.39,0.03,29210.00

103,12.69,50.39,0.03,29242.00

103,12.24,50.39,0.03,29275.00

103,11.80,50.39,0.03,29306.00

103,12.25,50.39,0.03,29339.00

103,12.29,50.39,0.03,29371.00

103,11.37,50.39,0.03,29404.00

103,12.72,50.39,0.03,29435.00

103,11.42,50.39,0.03,29468.00

103,12.29,50.39,0.03,29500.00

103,13.18,50.39,0.03,29533.00

103,11.26,50.39,0.03,29564.00

103,12.63,50.39,0.03,29597.00

103,11.37,50.39,0.03,29629.00

103,11.91,50.39,0.03,29661.00

103,12.78,50.39,0.03,29693.00

103,11.55,50.39,0.03,29725.00

103,12.31,50.39,0.03,29758.00

103,11.60,50.39,0.03,29790.00

103,12.29,50.39,0.03,29822.00

103,12.47,50.39,0.03,29854.00

103,11.87,50.39,0.03,29887.00

103,11.37,50.39,0.03,29919.00

103,10.28,50.39,0.03,29952.00

103,9.90,50.39,0.03,29983.00

103,9.68,50.39,0.03,30015.00

103,10.17,50.39,0.03,30046.00

103,9.03,50.39,0.03,30078.00

103,9.09,50.39,0.03,30109.00

103,9.09,50.39,0.03,30141.00

103,8.92,50.39,0.03,30172.00

103,9.47,50.39,0.03,30202.00

103,9.30,50.39,0.03,30234.00

103,9.25,50.39,0.03,30265.00

103,9.09,50.39,0.03,30297.00

103,8.71,50.39,0.03,30327.00

103,8.60,50.39,0.03,30359.00

103,9.59,50.39,0.03,30390.00

103,8.54,50.39,0.03,30422.00

103,8.67,50.39,0.03,30452.00

103,8.60,50.39,0.03,30484.00

103,8.71,50.39,0.03,30515.00

103,9.09,50.39,0.03,30546.00

103,9.25,50.39,0.03,30577.00

103,9.14,50.39,0.03,30609.00

103,9.20,50.39,0.03,30640.00

103,9.25,50.39,0.03,30671.00

103,9.20,50.39,0.03,30702.00

103,8.94,50.39,0.03,30733.00

103,8.82,50.39,0.03,30765.00

103,9.36,50.39,0.03,30795.00

103,9.20,50.39,0.03,30827.00

103,9.74,50.39,0.03,30858.00

103,9.63,50.39,0.03,30889.00

103,9.30,50.39,0.03,30920.00

103,9.30,50.39,0.03,30952.00

103,8.60,50.39,0.03,30983.00

103,9.03,50.39,0.03,31014.00

103,10.57,50.39,0.03,31045.00

103,10.06,50.39,0.03,31078.00

103,9.79,50.39,0.03,31110.00

103,9.36,50.39,0.03,31141.00

103,10.34,50.39,0.03,31172.00

103,12.13,50.39,0.03,31205.00

103,13.45,50.39,0.03,31237.00

103,12.36,50.39,0.03,31269.00

103,12.34,50.39,0.03,31301.00

103,11.91,50.39,0.03,31334.00

103,11.37,50.39,0.03,31366.00

103,11.69,50.39,0.03,31398.00

103,9.36,50.39,0.03,31430.00

103,10.17,50.39,0.03,31461.00

103,9.03,50.39,0.03,31494.00

103,9.09,50.39,0.03,31524.00

103,8.92,50.39,0.03,31556.00

103,9.03,50.39,0.03,31587.00

103,8.87,50.39,0.03,31619.00

103,8.98,50.39,0.03,31649.00

103,8.89,50.39,0.03,31681.00

103,8.98,50.39,0.03,31712.00

103,8.92,50.39,0.03,31744.00

103,9.14,50.39,0.03,31774.00

103,10.93,50.39,0.03,31806.00

103,9.74,50.39,0.03,31838.00

103,9.85,50.39,0.03,31869.00

103,17.76,50.39,0.03,31900.00

103,13.21,50.39,0.03,31933.00

103,12.36,50.39,0.03,31965.00

103,11.49,50.39,0.03,31997.00

103,11.42,50.39,0.03,32029.00

103,15.15,50.39,0.03,32062.00

103,9.41,50.39,0.03,32094.00

103,10.23,50.39,0.03,32124.00

103,8.98,50.39,0.03,32157.00

103,9.20,50.39,0.03,32188.00

103,9.30,50.39,0.03,32220.00

103,9.16,50.39,0.03,32250.00

103,8.38,50.39,0.03,32282.00

103,9.68,50.39,0.03,32313.00

103,10.01,50.39,0.03,32345.00

103,9.74,50.39,0.03,32376.00

103,8.87,50.39,0.03,32408.00

103,8.76,50.39,0.03,32439.00

103,8.65,50.39,0.03,32471.00

103,8.94,50.39,0.03,32501.00

103,9.86,50.39,0.03,32533.00

103,12.63,50.39,0.03,32564.00

103,11.49,50.39,0.03,32596.00

103,11.20,50.39,0.03,32628.00

103,11.53,50.39,0.03,32661.00

103,11.11,50.39,0.03,32693.00

103,11.28,50.39,0.03,32724.00

103,11.22,50.39,0.03,32757.00

103,12.69,50.39,0.03,32790.00

103,11.15,50.39,0.03,32822.00

103,11.66,50.39,0.03,32854.00

103,16.13,50.39,0.03,32886.00

103,22.59,50.39,0.03,32919.00

103,68.98,50.39,0.03,32954.00

103,12.85,50.39,0.03,32983.00

103,12.09,50.39,0.03,33015.00

103,9.79,50.39,0.03,33047.00

103,9.03,50.39,0.03,33079.00

103,8.62,50.39,0.03,33110.00

103,8.87,50.39,0.03,33141.00

103,9.38,50.39,0.03,33172.00

103,9.20,50.39,0.03,33204.00

103,9.14,50.39,0.03,33234.00

103,9.25,50.39,0.03,33266.00

103,9.14,50.39,0.03,33297.00

103,9.25,50.39,0.03,33328.00

103,9.63,50.39,0.03,33359.00

103,8.92,50.39,0.03,33390.00

103,9.30,50.39,0.03,33422.00

103,8.98,50.39,0.03,33453.00

103,8.92,50.39,0.03,33484.00

103,9.03,50.39,0.03,33515.00

103,8.49,50.39,0.03,33547.00

103,9.03,50.39,0.03,33577.00

103,8.87,50.39,0.03,33609.00

103,8.92,50.39,0.03,33640.00

103,9.25,50.39,0.03,33672.00

103,8.92,50.39,0.03,33702.00

103,9.36,50.39,0.03,33734.00

103,9.25,50.39,0.03,33765.00

103,9.36,50.39,0.03,33796.00

103,9.68,50.39,0.03,33827.00

103,9.74,50.39,0.03,33858.00

103,10.03,50.39,0.03,33890.00

103,9.20,50.39,0.03,33922.00

103,8.60,50.39,0.03,33953.00

103,8.65,50.39,0.03,33984.00

103,8.05,50.39,0.03,34016.00

103,8.60,50.39,0.03,34046.00

103,8.43,50.39,0.03,34078.00

103,8.98,50.39,0.03,34109.00

103,8.82,50.39,0.03,34141.00

103,8.92,50.39,0.03,34171.00

103,8.49,50.39,0.03,34203.00

103,8.87,50.39,0.03,34234.00

103,8.65,50.39,0.03,34265.00

103,9.03,50.39,0.03,34296.00

103,10.17,50.39,0.03,34327.00

103,8.82,50.39,0.03,34360.00

103,8.98,50.39,0.03,34391.00

103,8.49,50.39,0.03,34422.00

103,8.60,50.39,0.03,34453.00

103,8.94,50.39,0.03,34485.00

103,9.43,50.39,0.03,34515.00

103,10.06,50.39,0.03,34547.00

103,8.71,50.39,0.03,34579.00

103,8.05,50.39,0.03,34611.00

103,8.49,50.39,0.03,34641.00

103,8.71,50.39,0.03,34673.00

103,8.71,50.39,0.03,34704.00

103,17.49,50.39,0.03,34736.00

103,10.63,50.39,0.03,34767.00

103,10.17,50.39,0.03,34800.00

103,8.49,50.39,0.03,34832.00

103,8.71,50.39,0.03,34863.00

103,9.20,50.39,0.03,34894.00

103,8.60,50.39,0.03,34925.00

103,9.09,50.39,0.03,34957.00

103,9.79,50.39,0.03,34988.00

103,9.79,50.39,0.03,35019.00

103,11.75,50.39,0.03,35050.00

103,10.77,50.39,0.03,35083.00

103,11.31,50.39,0.03,35115.00

103,10.77,50.39,0.03,35147.00

103,13.10,50.39,0.03,35179.00

103,16.45,50.39,0.03,35212.00

103,12.34,50.39,0.03,35244.00

103,13.16,50.39,0.03,35276.00

103,15.80,50.39,0.03,35309.00

103,11.96,50.39,0.03,35341.00

103,13.36,50.39,0.03,35373.00

103,12.83,50.39,0.03,35405.00

103,12.53,50.39,0.03,35437.00

103,12.89,50.39,0.03,35470.00

103,11.22,50.39,0.03,35502.00

103,12.42,50.39,0.03,35534.00

103,11.66,50.39,0.03,35566.00

103,11.48,50.39,0.03,35599.00

103,11.91,50.39,0.03,35631.00

103,11.42,50.39,0.03,35663.00

103,11.80,50.39,0.03,35695.00

103,12.31,50.39,0.03,35728.00

103,11.44,50.39,0.03,35760.00

103,11.44,50.39,0.03,35792.00

103,11.53,50.39,0.03,35824.00

103,11.20,50.39,0.03,35857.00

103,12.45,50.39,0.03,35889.00

103,12.53,50.39,0.03,35921.00

103,13.68,50.39,0.03,35953.00

103,12.91,50.39,0.03,35986.00

103,11.48,50.39,0.03,36018.00

103,12.83,50.39,0.03,36050.00

103,9.90,50.39,0.03,36082.00

103,9.85,50.39,0.03,36113.00

103,10.12,50.39,0.03,36145.00

103,9.14,50.39,0.03,36176.00

103,8.92,50.39,0.03,36208.00

103,9.74,50.39,0.03,36239.00

103,8.05,50.39,0.03,36271.00

103,8.92,50.39,0.03,36301.00

103,8.78,50.39,0.03,36333.00

103,8.71,50.39,0.03,36364.00

103,9.30,50.39,0.03,36396.00

103,8.71,50.39,0.03,36426.00

103,8.82,50.39,0.03,36457.00

103,9.63,50.39,0.03,36489.00

103,10.23,50.39,0.03,36519.00

103,10.17,50.39,0.03,36552.00

103,8.98,50.39,0.03,36584.00

103,8.49,50.39,0.03,36616.00

103,8.60,50.39,0.03,36646.00

103,8.49,50.39,0.03,36678.00

103,8.54,50.39,0.03,36709.00

103,8.87,50.39,0.03,36741.00

103,8.43,50.39,0.03,36771.00

103,8.76,50.39,0.03,36803.00

103,8.87,50.39,0.03,36834.00

103,9.25,50.39,0.03,36866.00

103,9.30,50.39,0.03,36896.00

103,8.16,50.39,0.03,36927.00

103,8.11,50.39,0.03,36959.00

103,8.71,50.39,0.03,36989.00

103,8.11,50.39,0.03,37021.00

103,8.65,50.39,0.03,37052.00

103,8.05,50.39,0.03,37084.00

103,8.92,50.39,0.03,37114.00

103,9.63,50.39,0.03,37146.00

103,9.14,50.39,0.03,37177.00

103,9.36,50.39,0.03,37209.00

103,14.72,50.39,0.03,37240.00

103,11.44,50.39,0.03,37272.00

103,9.09,50.39,0.03,37304.00

103,13.45,50.39,0.03,37336.00

103,9.14,50.39,0.03,37367.00

103,10.93,50.39,0.03,37399.00

103,11.64,50.39,0.03,37431.00

103,9.36,50.39,0.03,37464.00

103,8.98,50.39,0.03,37494.00

103,8.78,50.39,0.03,37525.00

103,8.82,50.39,0.03,37557.00

103,8.16,50.39,0.03,37587.00

103,8.11,50.39,0.03,37619.00

103,8.27,50.39,0.03,37650.00

103,8.65,50.39,0.03,37682.00

103,8.76,50.39,0.03,37712.00

103,8.65,50.39,0.03,37744.00

103,8.82,50.39,0.03,37775.00

103,8.71,50.39,0.03,37807.00

103,9.30,50.39,0.03,37837.00

103,8.76,50.39,0.03,37869.00

103,8.76,50.39,0.03,37900.00

103,8.65,50.39,0.03,37932.00

103,8.22,50.39,0.03,37962.00

103,8.60,50.39,0.03,37993.00

103,9.30,50.39,0.03,38025.00

103,8.82,50.39,0.03,38055.00

103,9.52,50.39,0.03,38087.00

103,9.14,50.39,0.03,38118.00

103,8.54,50.39,0.03,38150.00

103,9.52,50.39,0.03,38180.00

103,8.49,50.39,0.03,38212.00

103,8.60,50.39,0.03,38243.00

103,9.85,50.39,0.03,38275.00

103,8.22,50.39,0.03,38305.00

103,9.09,50.39,0.03,38337.00

103,9.68,50.39,0.03,38368.00

103,8.65,50.39,0.03,38400.00

103,9.20,50.39,0.03,38430.00

103,8.76,50.39,0.03,38462.00

103,8.65,50.39,0.03,38493.00

103,9.20,50.39,0.03,38523.00

103,9.14,50.39,0.03,38555.00

103,8.33,50.39,0.03,38586.00

103,9.20,50.39,0.03,38618.00

103,9.30,50.39,0.03,38648.00

103,9.68,50.39,0.03,38680.00

103,9.85,50.39,0.03,38711.00

103,8.82,50.39,0.03,38743.00

103,8.92,50.39,0.03,38773.00

103,8.82,50.39,0.03,38805.00

103,8.82,50.39,0.03,38836.00

103,9.09,50.39,0.03,38867.00

103,8.22,50.39,0.03,38898.00

103,8.16,50.39,0.03,38930.00

103,9.03,50.39,0.03,38961.00

103,8.54,50.39,0.03,38991.00

103,8.43,50.39,0.03,39023.00

103,8.60,50.39,0.03,39054.00

103,8.11,50.39,0.03,39086.00

103,9.20,50.39,0.03,39116.00

103,10.12,50.39,0.03,39148.00

103,8.92,50.39,0.03,39180.00

103,8.92,50.39,0.03,39212.00

103,8.22,50.39,0.03,39242.00

103,9.14,50.39,0.03,39274.00

103,8.98,50.39,0.03,39305.00

103,8.54,50.39,0.03,39336.00

103,10.12,50.39,0.03,39367.00

103,11.04,50.39,0.03,39400.00

103,9.85,50.39,0.03,39432.00

103,9.79,50.39,0.03,39463.00

103,9.47,50.39,0.03,39494.00

103,9.36,50.39,0.03,39526.00

103,9.74,50.39,0.03,39557.00

103,9.41,50.39,0.03,39587.00

103,10.17,50.39,0.03,39619.00

103,10.23,50.39,0.03,39651.00

103,9.58,50.39,0.03,39684.00

103,9.14,50.39,0.03,39714.00

103,8.98,50.39,0.03,39746.00

103,8.98,50.39,0.03,39777.00

103,9.21,50.39,0.03,39809.00

103,9.30,50.39,0.03,39839.00

103,9.14,50.39,0.03,39871.00

103,10.12,50.39,0.03,39902.00

103,8.60,50.39,0.03,39934.00

103,8.65,50.39,0.03,39965.00

103,8.49,50.39,0.03,39997.00

103,8.92,50.39,0.03,40028.00

103,8.92,50.39,0.03,40059.00

103,8.89,50.39,0.03,40090.00

103,8.60,50.39,0.03,40121.00

103,8.60,50.39,0.03,40153.00

103,9.25,50.39,0.03,40183.00

103,9.30,50.39,0.03,40215.00

103,8.60,50.39,0.03,40246.00

103,10.01,50.39,0.03,40278.00

103,9.47,50.39,0.03,40309.00

103,12.18,50.39,0.03,40341.00

103,12.04,50.39,0.03,40373.00

103,12.45,50.39,0.03,40406.00

103,11.69,50.39,0.03,40437.00

103,10.72,50.39,0.03,40470.00

103,10.84,50.39,0.03,40502.00

103,10.68,50.39,0.03,40535.00

103,12.53,50.39,0.03,40566.00

103,13.63,50.39,0.03,40599.00

103,11.53,50.39,0.03,40631.00

103,10.77,50.39,0.03,40664.00

103,9.85,50.39,0.03,40695.00

103,9.63,50.39,0.03,40727.00

103,9.14,50.39,0.03,40758.00

103,8.65,50.39,0.03,40788.00

103,8.92,50.39,0.03,40820.00

103,8.98,50.39,0.03,40851.00

103,8.87,50.39,0.03,40883.00

103,8.98,50.39,0.03,40913.00

103,8.87,50.39,0.03,40945.00

103,8.98,50.39,0.03,40976.00

103,8.82,50.39,0.03,41008.00

103,8.82,50.39,0.03,41038.00

103,9.09,50.39,0.03,41070.00

103,8.71,50.39,0.03,41101.00

103,8.60,50.39,0.03,41133.00

103,8.71,50.39,0.03,41163.00

103,8.11,50.39,0.03,41195.00

103,8.22,50.39,0.03,41226.00

103,8.16,50.39,0.03,41256.00

103,8.92,50.39,0.03,41288.00

103,8.54,50.39,0.03,41319.00

103,8.76,50.39,0.03,41351.00

103,9.25,50.39,0.03,41381.00

103,8.16,50.39,0.03,41413.00

103,8.65,50.39,0.03,41444.00

103,8.54,50.39,0.03,41476.00

103,9.03,50.39,0.03,41506.00

103,10.72,50.39,0.03,41538.00

103,8.60,50.39,0.03,41570.00

103,8.98,50.39,0.03,41602.00

103,9.16,50.39,0.03,41632.00

103,8.16,50.39,0.03,41664.00

103,8.76,50.39,0.03,41695.00

103,8.22,50.39,0.03,41726.00

103,8.38,50.39,0.03,41757.00

103,8.49,50.39,0.03,41789.00

103,8.43,50.39,0.03,41820.00

103,8.65,50.39,0.03,41850.00

103,8.16,50.39,0.03,41882.00

103,9.20,50.39,0.03,41913.00

103,10.06,50.39,0.03,41945.00

103,9.25,50.39,0.03,41976.00

103,8.65,50.39,0.03,42008.00

103,8.22,50.39,0.03,42039.00

103,8.43,50.39,0.03,42071.00

103,9.79,50.39,0.03,42101.00

103,8.65,50.39,0.03,42133.00

103,8.65,50.39,0.03,42164.00

103,9.41,50.39,0.03,42195.00

103,9.14,50.39,0.03,42226.00

103,17.05,50.39,0.03,42258.00

103,16.24,50.39,0.03,42290.00

103,8.76,50.39,0.03,42322.00

103,9.14,50.39,0.03,42353.00

103,8.87,50.39,0.03,42384.00

103,8.38,50.39,0.03,42416.00

103,8.60,50.39,0.03,42446.00

103,8.11,50.39,0.03,42478.00

103,8.71,50.39,0.03,42509.00

103,9.25,50.39,0.03,42541.00

103,9.03,50.39,0.03,42571.00

103,9.03,50.39,0.03,42603.00

103,9.70,50.39,0.03,42634.00

103,10.06,50.39,0.03,42665.00

103,9.79,50.39,0.03,42697.00

103,10.17,50.39,0.03,42729.00

103,10.28,50.39,0.03,42761.00

103,9.79,50.39,0.03,42793.00

103,9.85,50.39,0.03,42824.00

103,10.06,50.39,0.03,42856.00

103,8.60,50.39,0.03,42888.00

103,9.32,50.39,0.03,42919.00

103,8.11,50.39,0.03,42950.00

103,8.92,50.39,0.03,42981.00

103,9.52,50.39,0.03,43013.00

103,8.16,50.39,0.03,43043.00

103,8.43,50.39,0.03,43075.00

103,8.98,50.39,0.03,43106.00

103,8.43,50.39,0.03,43138.00

103,8.98,50.39,0.03,43168.00

103,9.36,50.39,0.03,43200.00

103,8.60,50.39,0.03,43231.00

103,59.01,50.39,0.03,43265.00

103,8.98,50.39,0.03,43294.00

103,9.52,50.39,0.03,43326.00

103,9.85,50.39,0.03,43357.00

103,8.60,50.39,0.03,43388.00

103,9.96,50.39,0.03,43419.00

103,10.19,50.39,0.03,43451.00

103,10.23,50.39,0.03,43483.00

103,9.90,50.39,0.03,43515.00

103,8.92,50.39,0.03,43546.00

103,9.47,50.39,0.03,43577.00

103,9.36,50.39,0.03,43609.00

103,10.17,50.39,0.03,43639.00

103,8.98,50.39,0.03,43672.00

103,9.36,50.39,0.03,43703.00

103,8.60,50.39,0.03,43735.00

103,8.65,50.39,0.03,43765.00

103,8.49,50.39,0.03,43797.00

103,8.98,50.39,0.03,43828.00

103,9.68,50.39,0.03,43859.00

103,9.25,50.39,0.03,43890.00

103,9.52,50.39,0.03,43922.00

103,9.16,50.39,0.03,43953.00

103,8.65,50.39,0.03,43983.00

103,8.92,50.39,0.03,44015.00

103,8.60,50.39,0.03,44046.00

103,8.98,50.39,0.03,44078.00

103,8.65,50.39,0.03,44108.00

103,8.60,50.39,0.03,44140.00

103,9.36,50.39,0.03,44171.00

103,8.05,50.39,0.03,44203.00

103,8.71,50.39,0.03,44233.00

103,8.71,50.39,0.03,44265.00

103,9.30,50.39,0.03,44296.00

103,8.76,50.39,0.03,44327.00

103,8.82,50.39,0.03,44358.00

103,8.16,50.39,0.03,44390.00

103,8.16,50.39,0.03,44421.00

103,8.54,50.39,0.03,44452.00

103,8.76,50.39,0.03,44483.00

103,8.76,50.39,0.03,44514.00

103,8.54,50.39,0.03,44546.00

103,9.03,50.39,0.03,44576.00

103,8.82,50.39,0.03,44608.00

103,10.23,50.39,0.03,44639.00

103,9.25,50.39,0.03,44672.00

103,9.85,50.39,0.03,44702.00

103,8.92,50.39,0.03,44734.00

103,8.22,50.39,0.03,44765.00

103,9.14,50.39,0.03,44796.00

103,8.54,50.39,0.03,44827.00

103,8.16,50.39,0.03,44859.00

103,8.87,50.39,0.03,44890.00

103,8.87,50.39,0.03,44921.00

103,9.09,50.39,0.03,44952.00

103,10.52,50.39,0.03,44984.00

103,9.79,50.39,0.03,45016.00

103,10.77,50.39,0.03,45047.00

103,11.28,50.39,0.03,45079.00

103,11.22,50.39,0.03,45112.00

103,10.77,50.39,0.03,45144.00

103,11.39,50.39,0.03,45176.00

103,13.30,50.39,0.03,45208.00

103,13.07,50.39,0.03,45241.00

103,12.56,50.39,0.03,45273.00

103,11.82,50.39,0.03,45305.00

103,9.85,50.39,0.03,45337.00

103,9.96,50.39,0.03,45368.00

103,10.34,50.39,0.03,45400.00

103,10.01,50.39,0.03,45431.00

103,11.31,50.39,0.03,45464.00

103,11.48,50.39,0.03,45496.00

103,11.86,50.39,0.03,45529.00

103,12.02,50.39,0.03,45560.00

103,12.29,50.39,0.03,45593.00

103,11.80,50.39,0.03,45625.00

103,9.41,50.39,0.03,45658.00

103,9.85,50.39,0.03,45688.00

103,9.74,50.39,0.03,45720.00

103,10.23,50.39,0.03,45751.00

103,10.06,50.39,0.03,45784.00

103,10.03,50.39,0.03,45815.00

103,9.58,50.39,0.03,45848.00

103,9.52,50.39,0.03,45879.00

103,9.20,50.39,0.03,45910.00

103,9.58,50.39,0.03,45941.00

103,9.63,50.39,0.03,45972.00

103,9.52,50.39,0.03,46004.00

103,9.14,50.39,0.03,46034.00

103,8.98,50.39,0.03,46066.00

103,9.03,50.39,0.03,46097.00

103,9.30,50.39,0.03,46129.00

103,9.74,50.39,0.03,46159.00

103,9.58,50.39,0.03,46191.00

103,9.14,50.39,0.03,46222.00

103,9.96,50.39,0.03,46254.00

103,8.76,50.39,0.03,46284.00

103,9.14,50.39,0.03,46316.00

103,8.82,50.39,0.03,46347.00

103,8.92,50.39,0.03,46377.00

103,8.92,50.39,0.03,46409.00

103,9.09,50.39,0.03,46440.00

103,10.50,50.39,0.03,46472.00

103,9.85,50.39,0.03,46503.00

103,9.74,50.39,0.03,46535.00

103,9.90,50.39,0.03,46566.00

103,9.74,50.39,0.03,46598.00

103,9.85,50.39,0.03,46628.00

103,9.30,50.39,0.03,46660.00

103,9.86,50.39,0.03,46691.00

103,9.74,50.39,0.03,46723.00

103,9.85,50.39,0.03,46753.00

103,10.23,50.39,0.03,46785.00

103,9.47,50.39,0.03,46817.00

103,9.30,50.39,0.03,46849.00

103,9.74,50.39,0.03,46879.00

103,9.41,50.39,0.03,46911.00

103,9.36,50.39,0.03,46942.00

103,9.52,50.39,0.03,46972.00

103,10.79,50.39,0.03,47004.00

103,12.58,50.39,0.03,47037.00

103,11.26,50.39,0.03,47069.00

103,10.01,50.39,0.03,47100.00

103,9.90,50.39,0.03,47133.00

103,10.01,50.39,0.03,47164.00

103,9.85,50.39,0.03,47197.00

103,9.52,50.39,0.03,47227.00

103,9.36,50.39,0.03,47259.00

103,9.92,50.39,0.03,47290.00

103,9.79,50.39,0.03,47322.00

103,9.90,50.39,0.03,47352.00

103,9.74,50.39,0.03,47384.00

103,10.17,50.39,0.03,47415.00

103,10.06,50.39,0.03,47448.00

103,10.06,50.39,0.03,47479.00

103,10.06,50.39,0.03,47512.00

103,10.06,50.39,0.03,47544.00

103,9.74,50.39,0.03,47577.00

103,10.06,50.39,0.03,47607.00

103,9.74,50.39,0.03,47639.00

103,10.01,50.39,0.03,47671.00

103,9.14,50.39,0.03,47703.00

103,8.49,50.39,0.03,47734.00

103,8.98,50.39,0.03,47765.00

103,9.20,50.39,0.03,47797.00

103,8.65,50.39,0.03,47827.00

103,9.74,50.39,0.03,47859.00

103,9.20,50.39,0.03,47890.00

103,8.05,50.39,0.03,47922.00

103,8.60,50.39,0.03,47952.00

103,8.00,50.39,0.03,47984.00

103,8.16,50.39,0.03,48015.00

103,9.03,50.39,0.03,48047.00

103,16.62,50.39,0.03,48077.00

103,58.16,50.39,0.03,48112.00

103,8.92,50.39,0.03,48142.00

103,8.22,50.39,0.03,48173.00

103,8.65,50.39,0.03,48204.00

103,8.82,50.39,0.03,48235.00

103,9.30,50.39,0.03,48267.00

103,8.60,50.39,0.03,48297.00

103,8.54,50.39,0.03,48329.00

103,9.14,50.39,0.03,48360.00

103,8.98,50.39,0.03,48392.00

103,9.47,50.39,0.03,48422.00

103,9.20,50.39,0.03,48454.00

103,7.78,50.39,0.03,48485.00

103,8.00,50.39,0.03,48517.00

103,8.87,50.39,0.03,48547.00

103,8.71,50.39,0.03,48579.00

103,19.17,50.39,0.03,48611.00

103,9.85,50.39,0.03,48643.00

103,9.79,50.39,0.03,48673.00

103,11.10,50.39,0.03,48705.00

103,8.76,50.39,0.03,48737.00

103,9.36,50.39,0.03,48768.00

103,8.43,50.39,0.03,48799.00

103,8.16,50.39,0.03,48830.00

103,13.10,50.39,0.03,48862.00

103,8.92,50.39,0.03,48893.00

103,8.49,50.39,0.03,48925.00

103,8.22,50.39,0.03,48956.00

103,8.11,50.39,0.03,48988.00

103,8.27,50.39,0.03,49018.00

103,8.16,50.39,0.03,49050.00

103,9.20,50.39,0.03,49081.00

103,9.20,50.39,0.03,49113.00

103,9.63,50.39,0.03,49143.00

103,9.74,50.39,0.03,49175.00

103,8.65,50.39,0.03,49206.00

103,8.22,50.39,0.03,49236.00

103,8.05,50.39,0.03,49268.00

103,8.98,50.39,0.03,49299.00

103,10.99,50.39,0.03,49331.00

103,16.51,50.39,0.03,49363.00

103,8.05,50.39,0.03,49395.00

103,8.60,50.39,0.03,49426.00

103,8.87,50.39,0.03,49458.00

103,9.36,50.39,0.03,49488.00

103,12.02,50.39,0.03,49520.00

103,10.23,50.39,0.03,49552.00

103,10.17,50.39,0.03,49585.00

103,10.39,50.39,0.03,49616.00

103,8.71,50.39,0.03,49649.00

103,8.16,50.39,0.03,49680.00

103,8.72,50.39,0.03,49712.00

103,8.49,50.39,0.03,49742.00

103,10.01,50.39,0.03,49774.00

103,9.30,50.39,0.03,49806.00

103,9.90,50.39,0.03,49838.00

103,9.85,50.39,0.03,49868.00

103,11.31,50.39,0.03,49900.00

103,9.85,50.39,0.03,49932.00

103,9.47,50.39,0.03,49963.00

103,9.30,50.39,0.03,49994.00

103,10.24,50.39,0.03,50025.00

103,9.52,50.39,0.03,50058.00

103,9.09,50.39,0.03,50088.00

103,8.87,50.39,0.03,50120.00

103,9.30,50.39,0.03,50151.00

103,8.60,50.39,0.03,50183.00

103,8.16,50.39,0.03,50213.00

103,8.87,50.39,0.03,50245.00

103,8.98,50.39,0.03,50276.00

103,9.43,50.39,0.03,50308.00

103,8.92,50.39,0.03,50338.00

103,8.22,50.39,0.03,50369.00

103,8.60,50.39,0.03,50401.00

103,8.82,50.39,0.03,50432.00

103,8.82,50.39,0.03,50463.00

103,9.03,50.39,0.03,50494.00

103,8.54,50.39,0.03,50526.00

103,10.08,50.39,0.03,50556.00

103,10.06,50.39,0.03,50589.00

103,10.61,50.39,0.03,50621.00

103,9.63,50.39,0.03,50654.00

103,9.25,50.39,0.03,50684.00

103,9.63,50.39,0.03,50716.00

103,9.79,50.39,0.03,50747.00

103,10.55,50.39,0.03,50779.00

103,10.12,50.39,0.03,50810.00

103,8.60,50.39,0.03,50843.00

103,9.25,50.39,0.03,50874.00

103,9.25,50.39,0.03,50906.00

103,8.60,50.39,0.03,50936.00

103,9.14,50.39,0.03,50967.00

103,8.54,50.39,0.03,50999.00

103,9.14,50.39,0.03,51030.00

103,8.60,50.39,0.03,51061.00

103,9.20,50.39,0.03,51092.00

103,9.63,50.39,0.03,51124.00

103,8.98,50.39,0.03,51154.00

103,8.98,50.39,0.03,51186.00

103,9.14,50.39,0.03,51217.00

103,10.01,50.39,0.03,51249.00

103,10.17,50.39,0.03,51280.00

103,10.01,50.39,0.03,51313.00

103,10.99,50.39,0.03,51345.00

103,9.03,50.39,0.03,51378.00

103,9.09,50.39,0.03,51408.00

103,9.05,50.39,0.03,51440.00

