,103,54.54,54.54,0.00,3.00

103,49.58,49.59,0.10,13.00

103,51.08,51.07,0.10,23.00

103,50.94,50.95,0.10,33.00

103,49.38,49.37,0.04,59.00

103,49.83,49.84,0.03,88.00

103,49.40,49.39,0.03,117.00

103,52.24,52.25,0.03,147.00

103,49.54,49.53,0.03,178.00

103,49.72,49.73,0.03,207.00

103,51.26,51.25,0.03,238.00

103,49.94,49.95,0.03,268.00

103,51.37,51.36,0.03,299.00

103,50.88,50.89,0.03,328.00

103,51.04,51.03,0.03,359.00

103,52.24,52.25,0.03,389.00

103,52.78,52.77,0.03,419.00

103,49.94,49.95,0.03,449.00

103,52.62,52.60,0.03,479.00

103,50.99,51.00,0.03,509.00

103,51.26,51.25,0.03,539.00

103,50.50,50.52,0.03,570.00

103,50.77,50.76,0.03,600.00

103,51.21,51.22,0.03,630.00

103,51.86,51.84,0.03,660.00

103,49.89,49.90,0.03,690.00

103,50.66,50.65,0.03,720.00

103,52.78,52.80,0.03,751.00

103,49.87,49.85,0.03,781.00

103,50.54,50.55,0.03,811.00

103,54.85,54.83,0.03,841.00

103,49.94,49.96,0.03,871.00

103,51.37,51.35,0.03,902.00

103,50.94,50.96,0.03,931.00

103,52.40,52.38,0.03,962.00

103,49.45,49.47,0.03,992.00

103,51.32,51.29,0.03,1022.00

103,50.81,50.83,0.03,1053.00

103,52.40,52.38,0.03,1085.00

103,49.61,49.64,0.03,1116.00

103,50.16,50.13,0.03,1146.00

103,49.92,49.95,0.03,1178.00

103,49.92,49.89,0.03,1209.00

103,50.72,50.75,0.03,1241.00

103,50.21,50.18,0.03,1271.00

103,51.15,51.18,0.03,1303.00

103,49.78,49.75,0.03,1334.00

103,50.99,51.01,0.03,1366.00

103,50.43,50.40,0.03,1396.00

103,52.24,52.26,0.03,1428.00

103,51.86,51.83,0.03,1459.00

103,52.18,52.21,0.03,1490.00

103,49.34,49.32,0.03,1521.00

103,50.21,50.23,0.03,1552.00

103,50.27,50.24,0.03,1584.00

103,50.10,50.12,0.03,1614.00

103,49.81,49.79,0.03,1646.00

103,51.04,51.06,0.03,1677.00

103,49.05,49.03,0.03,1709.00

103,49.32,49.34,0.03,1739.00

103,48.84,48.82,0.03,1771.00

103,49.34,49.36,0.03,1802.00

103,47.77,47.75,0.03,1833.00

103,48.58,48.60,0.03,1864.00

103,47.98,47.97,0.03,1895.00

103,48.08,48.09,0.03,1927.00

103,50.72,50.70,0.03,1958.00

103,51.70,51.71,0.03,1989.00

103,53.98,53.96,0.03,2021.00

103,52.84,52.85,0.03,2052.00

103,50.37,50.36,0.03,2082.00

103,50.66,50.68,0.03,2114.00

103,50.56,50.54,0.03,2145.00

103,50.16,50.17,0.03,2177.00

103,50.27,50.25,0.03,2207.00

103,49.23,49.25,0.03,2239.00

103,51.60,51.59,0.03,2270.00

103,50.50,50.52,0.03,2301.00

103,50.83,50.81,0.03,2332.00

103,50.81,50.83,0.03,2364.00

103,51.32,51.30,0.03,2395.00

103,51.89,51.91,0.03,2426.00

103,51.46,51.44,0.03,2457.00

103,49.43,49.45,0.03,2488.00

103,49.34,49.32,0.03,2520.00

103,49.51,49.53,0.03,2550.00

103,49.32,49.30,0.03,2582.00

103,51.59,51.61,0.03,2613.00

103,49.67,49.65,0.03,2644.00

103,51.59,51.60,0.03,2675.00

103,51.70,51.68,0.03,2707.00

103,51.10,51.12,0.03,2738.00

103,52.29,52.28,0.03,2769.00

103,52.13,52.15,0.03,2800.00

103,53.27,53.25,0.03,2832.00

103,51.04,51.06,0.03,2863.00

103,50.10,50.08,0.03,2894.00

103,50.05,50.07,0.03,2925.00

103,51.59,51.57,0.03,2957.00

103,49.61,49.64,0.03,2988.00

103,50.08,50.06,0.03,3018.00

103,50.83,50.85,0.03,3050.00

103,49.05,49.03,0.03,3081.00

103,49.40,49.42,0.03,3112.00

103,49.05,49.03,0.03,3143.00

103,49.76,49.78,0.03,3175.00

103,49.67,49.65,0.03,3206.00

103,50.27,50.28,0.03,3237.00

103,50.45,50.43,0.03,3268.00

103,50.88,50.90,0.03,3300.00

103,51.53,51.51,0.03,3331.00

103,51.04,51.06,0.03,3362.00

103,50.61,50.59,0.03,3393.00

103,50.88,50.90,0.03,3425.00

103,50.70,50.68,0.03,3456.00

103,49.11,49.13,0.03,3486.00

103,50.21,50.19,0.03,3518.00

103,50.52,50.54,0.03,3549.00

103,50.83,50.81,0.03,3580.00

103,53.00,53.02,0.03,3612.00

103,53.65,53.63,0.03,3643.00

103,49.83,49.85,0.03,3674.00

103,52.13,52.11,0.03,3705.00

103,51.91,51.94,0.03,3736.00

103,48.84,48.81,0.03,3768.00

103,48.94,48.97,0.03,3799.00

103,49.00,48.98,0.03,3830.00

103,47.75,47.77,0.03,3861.00

103,47.55,47.53,0.03,3892.00

103,47.59,47.61,0.03,3923.00

103,48.29,48.27,0.03,3954.00

103,48.42,48.44,0.03,3986.00

103,47.59,47.57,0.03,4017.00

103,46.94,46.96,0.03,4048.00

103,46.95,46.93,0.03,4079.00

103,46.34,46.36,0.03,4111.00

103,46.50,46.48,0.03,4142.00

103,47.75,47.77,0.03,4173.00

103,47.15,47.13,0.03,4204.00

103,46.39,46.41,0.03,4236.00

103,48.89,48.87,0.03,4267.00

103,47.55,47.57,0.03,4298.00

103,47.86,47.83,0.03,4329.00

103,50.50,50.52,0.03,4361.00

103,49.92,49.90,0.03,4391.00

103,50.99,51.01,0.03,4423.00

103,48.29,48.27,0.03,4454.00

103,49.92,49.94,0.03,4486.00

103,49.00,48.98,0.03,4516.00

103,50.88,50.90,0.03,4547.00

103,52.40,52.38,0.03,4579.00

103,50.10,50.12,0.03,4610.00

103,49.92,49.90,0.03,4641.00

103,49.05,49.07,0.03,4672.00

103,48.84,48.82,0.03,4704.00

103,48.20,48.22,0.03,4734.00

103,47.97,47.95,0.03,4766.00

103,48.18,48.20,0.03,4797.00

103,48.73,48.71,0.03,4829.00

103,47.32,47.34,0.03,4859.00

103,49.22,49.19,0.03,4891.00

103,46.88,46.90,0.03,4922.00

103,50.16,50.13,0.03,4954.00

103,46.77,46.80,0.03,4984.00

103,46.99,46.96,0.03,5015.00

103,46.66,46.69,0.03,5047.00

103,45.79,45.77,0.03,5078.00

103,45.63,45.66,0.03,5109.00

103,46.12,46.09,0.03,5140.00

103,46.01,46.04,0.03,5172.00

103,46.12,46.09,0.03,5202.00

103,46.01,46.04,0.03,5234.00

103,45.36,45.33,0.03,5265.00

103,46.23,46.26,0.03,5296.00

103,45.25,45.23,0.03,5327.00

103,44.82,44.84,0.03,5358.00

103,45.03,45.01,0.03,5390.00

103,44.71,44.73,0.03,5421.00

103,44.62,44.59,0.03,5452.00

103,44.71,44.73,0.03,5483.00

103,48.46,48.43,0.03,5515.00

103,45.52,45.55,0.03,5545.00

103,44.82,44.79,0.03,5577.00

103,44.44,44.47,0.03,5608.00

103,45.09,45.06,0.03,5640.00

103,44.73,44.76,0.03,5670.00

103,44.60,44.57,0.03,5701.00

103,43.95,43.98,0.03,5733.00

103,44.06,44.03,0.03,5764.00

103,44.33,44.36,0.03,5795.00

103,44.38,44.35,0.03,5826.00

103,44.11,44.14,0.03,5858.00

103,43.98,43.95,0.03,5889.00

103,43.62,43.65,0.03,5920.00

103,42.97,42.94,0.03,5951.00

103,42.43,42.46,0.03,5983.00

103,42.16,42.13,0.03,6013.00

103,41.81,41.84,0.03,6044.00

103,41.56,41.53,0.03,6076.00

103,41.72,41.75,0.03,6107.00

103,41.40,41.37,0.03,6138.00

103,41.11,41.14,0.03,6169.00

103,40.85,40.82,0.03,6201.00

103,41.12,41.15,0.03,6232.00

103,42.10,42.07,0.03,6263.00

103,43.95,43.98,0.03,6294.00

103,40.47,40.45,0.03,6326.00

103,40.53,40.55,0.03,6356.00

103,40.45,40.43,0.03,6388.00

103,40.58,40.61,0.03,6419.00

103,40.45,40.43,0.03,6451.00

103,41.34,41.37,0.03,6481.00

103,40.36,40.34,0.03,6512.00

103,42.30,42.33,0.03,6544.00

103,41.27,41.25,0.03,6575.00

103,39.88,39.90,0.03,6606.00

103,40.89,40.86,0.03,6637.00

103,40.69,40.72,0.03,6669.00

103,40.02,40.00,0.03,6700.00

103,38.74,38.76,0.03,6731.00

103,38.93,38.91,0.03,6762.00

103,38.50,38.53,0.03,6794.00

103,37.92,37.90,0.03,6824.00

103,38.23,38.25,0.03,6855.00

103,38.52,38.49,0.03,6887.00

103,37.79,37.82,0.03,6918.00

103,37.60,37.57,0.03,6949.00

103,37.36,37.39,0.03,6980.00

103,37.69,37.66,0.03,7012.00

103,38.01,38.04,0.03,7043.00

103,37.03,37.01,0.03,7074.00

103,37.09,37.11,0.03,7105.00

103,39.01,38.98,0.03,7137.00

103,41.07,41.09,0.03,7168.00

103,38.19,38.17,0.03,7199.00

103,37.32,37.35,0.03,7230.00

103,36.93,36.90,0.03,7262.00

103,36.98,37.00,0.03,7292.00

103,37.03,37.01,0.03,7323.00

103,38.01,38.03,0.03,7355.00

103,38.93,38.91,0.03,7386.00

103,38.01,38.03,0.03,7417.00

103,37.52,37.50,0.03,7448.00

103,37.03,37.06,0.03,7480.00

103,36.93,36.90,0.03,7511.00

103,36.82,36.84,0.03,7542.00

103,37.09,37.06,0.03,7573.00

103,37.79,37.82,0.03,7605.00

103,40.42,40.39,0.03,7635.00

103,37.21,37.24,0.03,7667.00

103,35.97,35.94,0.03,7698.00

103,35.13,35.16,0.03,7729.00

103,35.68,35.65,0.03,7760.00

103,35.35,35.38,0.03,7791.00

103,35.51,35.49,0.03,7823.00

103,37.96,37.98,0.03,7854.00

103,36.44,36.41,0.03,7885.00

103,37.31,37.33,0.03,7916.00

103,36.93,36.90,0.03,7948.00

103,36.82,36.84,0.03,7979.00

103,37.36,37.34,0.03,8010.00

103,36.60,36.62,0.03,8041.00

103,36.11,36.09,0.03,8073.00

103,35.46,35.48,0.03,8103.00

103,35.73,35.71,0.03,8135.00

103,37.70,37.73,0.03,8166.00

103,35.37,35.35,0.03,8197.00

103,35.51,35.53,0.03,8228.00

103,35.79,35.76,0.03,8259.00

103,36.00,36.02,0.03,8291.00

103,35.73,35.71,0.03,8322.00

103,36.27,36.29,0.03,8353.00

103,35.84,35.82,0.03,8384.00

103,35.73,35.75,0.03,8416.00

103,36.06,36.04,0.03,8446.00

103,35.51,35.53,0.03,8478.00

103,35.84,35.82,0.03,8509.00

103,35.79,35.81,0.03,8541.00

103,35.71,35.69,0.03,8571.00

103,35.24,35.26,0.03,8603.00

103,35.62,35.60,0.03,8634.00

103,35.62,35.64,0.03,8666.00

103,35.40,35.38,0.03,8696.00

103,35.84,35.86,0.03,8727.00

103,36.76,36.74,0.03,8759.00

103,38.37,38.39,0.03,8791.00

103,38.07,38.05,0.03,8821.00

103,35.30,35.32,0.03,8852.00

103,40.53,40.50,0.03,8884.00

103,35.89,35.92,0.03,8914.00

103,34.84,34.82,0.03,8946.00

103,50.61,50.63,0.03,8978.00

103,35.46,35.45,0.03,9009.00

103,35.35,35.36,0.03,9039.00

103,35.68,35.67,0.03,9071.00

103,34.75,34.76,0.03,9102.00

103,34.37,34.36,0.03,9133.00

103,34.64,34.65,0.03,9164.00

103,34.32,34.31,0.03,9195.00

103,35.08,35.09,0.03,9227.00

103,34.59,34.58,0.03,9257.00

103,34.10,34.11,0.03,9289.00

103,34.86,34.85,0.03,9320.00

103,34.05,34.06,0.03,9352.00

103,33.61,33.60,0.03,9382.00

103,33.99,34.00,0.03,9414.00

103,33.50,33.50,0.03,9445.00

103,33.83,33.84,0.03,9477.00

103,34.57,34.56,0.03,9507.00

103,33.59,33.60,0.03,9539.00

103,33.45,33.44,0.03,9570.00

103,33.88,33.89,0.03,9601.00

103,33.23,33.22,0.03,9632.00

103,33.18,33.19,0.03,9663.00

103,34.70,34.69,0.03,9695.00

103,33.67,33.68,0.03,9725.00

103,33.50,33.49,0.03,9757.00

103,34.21,34.22,0.03,9788.00

103,33.65,33.64,0.03,9820.00

103,32.15,32.16,0.03,9850.00

103,31.93,31.92,0.03,9882.00

103,32.15,32.16,0.03,9913.00

103,31.98,31.97,0.03,9945.00

103,31.88,31.88,0.03,9975.00

103,33.05,33.04,0.03,10007.00

103,32.42,32.43,0.03,10039.00

103,31.64,31.63,0.03,10071.00

103,34.48,34.49,0.03,10103.00

103,31.48,31.47,0.03,10135.00

103,31.31,31.32,0.03,10168.00

103,32.64,32.63,0.03,10200.00

103,31.26,31.27,0.03,10232.00

103,31.42,31.41,0.03,10264.00

103,31.75,31.76,0.03,10297.00

103,30.92,30.91,0.03,10329.00

103,30.77,30.78,0.03,10361.00

103,32.53,32.52,0.03,10393.00

103,31.51,31.52,0.03,10426.00

103,35.02,35.01,0.03,10458.00

103,40.91,40.92,0.03,10490.00

103,31.02,31.02,0.03,10522.00

103,30.81,30.81,0.03,10555.00

103,31.10,31.10,0.03,10587.00

103,29.99,30.00,0.03,10619.00

103,33.99,33.99,0.03,10651.00

103,31.51,31.52,0.03,10684.00

103,33.29,33.28,0.03,10716.00

103,30.59,30.60,0.03,10748.00

103,33.02,33.01,0.03,10780.00

103,33.81,33.82,0.03,10813.00

103,30.16,30.15,0.03,10845.00

103,44.85,44.85,0.03,10877.00

103,43.79,43.79,0.03,10910.00

103,31.21,31.21,0.03,10941.00

103,29.23,29.23,0.03,10974.00

103,29.02,29.02,0.03,11005.00

103,30.48,30.48,0.03,11038.00

103,30.81,30.81,0.03,11070.00

103,30.83,30.82,0.03,11103.00

103,31.04,31.05,0.03,11134.00

103,30.50,30.49,0.03,11167.00

103,31.93,31.93,0.03,11199.00

103,30.66,30.66,0.03,11232.00

103,31.08,31.08,0.03,11264.00

103,30.07,30.06,0.03,11296.00

103,30.05,30.05,0.03,11328.00

103,29.88,29.88,0.03,11361.00

103,30.37,30.38,0.03,11393.00

103,31.02,31.02,0.03,11425.00

103,31.48,31.48,0.03,11457.00

103,30.59,30.59,0.03,11490.00

103,31.04,31.04,0.03,11522.00

103,31.04,31.04,0.03,11554.00

103,30.66,30.66,0.03,11586.00

103,31.13,31.13,0.03,11619.00

103,31.64,31.64,0.03,11651.00

103,31.21,31.20,0.03,11683.00

103,31.69,31.70,0.03,11715.00

103,33.02,33.01,0.03,11748.00

103,30.83,30.83,0.03,11780.00

103,29.94,29.94,0.03,11811.00

103,38.17,38.17,0.03,11844.00

103,31.93,31.94,0.03,11877.00

103,31.86,31.85,0.03,11909.00

103,29.67,29.67,0.03,11940.00

103,28.85,28.85,0.03,11973.00

103,28.69,28.70,0.03,12005.00

103,31.08,31.07,0.03,12038.00

103,29.29,29.30,0.03,12069.00

103,29.07,29.06,0.03,12102.00

103,31.98,31.99,0.03,12134.00

103,28.74,28.74,0.03,12167.00

103,27.44,27.45,0.03,12198.00

103,27.33,27.33,0.03,12231.00

103,27.88,27.88,0.03,12263.00

103,29.18,29.17,0.03,12296.00

103,28.47,28.48,0.03,12327.00

103,27.60,27.60,0.03,12360.00

103,31.19,31.19,0.03,12392.00

103,28.04,28.04,0.03,12425.00

103,28.64,28.64,0.03,12456.00

103,28.26,28.25,0.03,12489.00

103,28.85,28.85,0.03,12521.00

103,28.96,28.96,0.03,12554.00

103,29.07,29.07,0.03,12585.00

103,30.05,30.04,0.03,12618.00

103,29.67,29.67,0.03,12650.00

103,30.66,30.66,0.03,12683.00

103,30.43,30.43,0.03,12715.00

103,29.23,29.23,0.03,12747.00

103,29.12,29.13,0.03,12779.00

103,29.72,29.72,0.03,12811.00

103,30.21,30.21,0.03,12844.00

103,34.54,34.53,0.03,12876.00

103,35.57,35.57,0.03,12908.00

103,32.04,32.04,0.03,12941.00

103,30.86,30.86,0.03,12973.00

103,30.16,30.15,0.03,13004.00

103,29.63,29.63,0.03,13037.00

103,29.74,29.74,0.03,13069.00

103,30.43,30.43,0.03,13102.00

103,30.81,30.80,0.03,13133.00

103,30.10,30.10,0.03,13166.00

103,31.40,31.40,0.03,13198.00

103,30.93,30.94,0.03,13231.00

103,29.61,29.61,0.03,13262.00

103,29.94,29.94,0.03,13295.00

103,30.43,30.42,0.03,13327.00

103,38.61,38.61,0.03,13360.00

103,30.88,30.89,0.03,13391.00

103,30.34,30.33,0.03,13424.00

103,29.96,29.96,0.03,13456.00

103,30.77,30.76,0.03,13489.00

103,31.24,31.25,0.03,13520.00

103,31.13,31.13,0.03,13553.00

103,31.57,31.57,0.03,13585.00

103,30.72,30.71,0.03,13618.00

103,30.66,30.67,0.03,13649.00

103,30.72,30.71,0.03,13682.00

103,31.19,31.19,0.03,13714.00

103,31.15,31.15,0.03,13747.00

103,32.91,32.91,0.03,13778.00

103,31.75,31.75,0.03,13811.00

103,30.81,30.81,0.03,13843.00

103,51.57,51.55,0.03,13877.00

103,30.81,30.84,0.03,13907.00

103,32.42,32.39,0.03,13940.00

103,31.13,31.16,0.03,13972.00

103,30.64,30.61,0.03,14004.00

103,30.43,30.46,0.03,14036.00

103,29.63,29.60,0.03,14068.00

103,29.94,29.97,0.03,14101.00

103,30.05,30.02,0.03,14133.00

103,29.85,29.88,0.03,14166.00

103,30.88,30.85,0.03,14197.00

103,29.34,29.37,0.03,14230.00

103,29.34,29.31,0.03,14262.00

103,28.74,28.78,0.03,14295.00

103,28.80,28.77,0.03,14326.00

103,29.18,29.21,0.03,14359.00

103,29.34,29.31,0.03,14391.00

103,29.83,29.86,0.03,14424.00

103,31.78,31.75,0.03,14455.00

103,43.33,43.36,0.03,14488.00

103,37.79,37.77,0.03,14521.00

103,35.57,35.59,0.03,14553.00

103,45.60,45.57,0.03,14585.00

103,39.33,39.37,0.03,14617.00

103,37.98,37.94,0.03,14650.00

103,30.77,30.81,0.03,14682.00

103,37.54,37.50,0.03,14714.00

103,38.45,38.49,0.03,14746.00

103,30.16,30.12,0.03,14778.00

103,31.77,31.80,0.03,14811.00

103,34.70,34.66,0.03,14842.00

103,29.58,29.62,0.03,14874.00

103,28.98,28.94,0.03,14907.00

103,28.96,29.00,0.03,14939.00

103,29.18,29.14,0.03,14971.00

103,29.29,29.33,0.03,15003.00

103,36.27,36.23,0.03,15036.00

103,30.12,30.17,0.03,15068.00

103,36.65,36.60,0.03,15100.00

103,30.81,30.86,0.03,15132.00

103,30.75,30.70,0.03,15165.00

103,30.39,30.45,0.03,15197.00

103,43.51,43.45,0.03,15230.00

103,29.40,29.47,0.03,15261.00

103,29.18,29.11,0.03,15294.00

103,28.85,28.92,0.03,15326.00

103,28.69,28.62,0.03,15358.00

103,28.80,28.87,0.03,15390.00

103,29.18,29.11,0.03,15423.00

103,31.10,31.17,0.03,15455.00

103,29.50,29.43,0.03,15488.00

103,34.21,34.28,0.03,15519.00

103,28.20,28.14,0.03,15552.00

103,27.71,27.78,0.03,15584.00

103,28.15,28.08,0.03,15617.00

103,28.58,28.64,0.03,15648.00

103,29.40,29.33,0.03,15681.00

103,29.40,29.46,0.03,15713.00

103,29.03,28.97,0.03,15746.00

103,28.80,28.86,0.03,15777.00

103,28.85,28.79,0.03,15809.00

103,30.48,30.54,0.03,15842.00

103,34.81,34.74,0.03,15875.00

103,40.73,40.79,0.03,15907.00

103,29.23,29.18,0.03,15938.00

103,35.24,35.29,0.03,15971.00

103,29.79,29.75,0.03,16003.00

103,34.54,34.58,0.03,16035.00

103,36.49,36.45,0.03,16068.00

103,30.48,30.53,0.03,16100.00

103,40.58,40.53,0.03,16133.00

103,41.56,41.61,0.03,16165.00

103,45.47,45.41,0.03,16197.00

103,31.37,31.43,0.03,16229.00

103,31.80,31.74,0.03,16261.00

103,29.07,29.14,0.03,16293.00

103,29.23,29.17,0.03,16325.00

103,29.18,29.24,0.03,16358.00

103,29.78,29.71,0.03,16390.00

103,29.67,29.73,0.03,16422.00

103,29.69,29.62,0.03,16454.00

103,29.07,29.14,0.03,16487.00

103,29.07,29.00,0.03,16519.00

103,28.85,28.92,0.03,16551.00

103,28.92,28.86,0.03,16583.00

103,29.61,29.68,0.03,16616.00

103,29.18,29.11,0.03,16648.00

103,28.64,28.70,0.03,16680.00

103,28.65,28.59,0.03,16712.00

103,28.69,28.76,0.03,16745.00

103,30.26,30.20,0.03,16777.00

103,31.13,31.20,0.03,16809.00

103,29.40,29.33,0.03,16841.00

103,29.02,29.08,0.03,16873.00

103,28.91,28.84,0.03,16906.00

103,28.96,29.03,0.03,16937.00

103,29.23,29.17,0.03,16970.00

103,29.83,29.89,0.03,17002.00

103,28.87,28.81,0.03,17035.00

103,29.45,29.51,0.03,17067.00

103,37.69,37.62,0.03,17099.00

103,34.05,34.12,0.03,17132.00

103,36.11,36.04,0.03,17164.00

103,29.36,29.44,0.03,17196.00

103,29.85,29.77,0.03,17228.00

103,29.20,29.27,0.03,17260.00

103,30.10,30.02,0.03,17293.00

103,38.99,39.06,0.03,17326.00

103,29.12,29.06,0.03,17357.00

103,28.74,28.81,0.03,17389.00

103,28.53,28.46,0.03,17422.00

103,30.26,30.33,0.03,17454.00

103,33.40,33.33,0.03,17486.00

103,35.40,35.47,0.03,17519.00

103,34.32,34.26,0.03,17551.00

103,29.56,29.62,0.03,17583.00

103,29.36,29.29,0.03,17615.00

103,29.29,29.35,0.03,17647.00

103,28.96,28.90,0.03,17680.00

103,29.29,29.35,0.03,17712.00

103,29.69,29.62,0.03,17744.00

103,28.20,28.27,0.03,17776.00

103,28.31,28.24,0.03,17808.00

103,30.48,30.55,0.03,17841.00

103,29.78,29.71,0.03,17873.00

103,29.63,29.70,0.03,17905.00

103,29.61,29.55,0.03,17938.00

103,28.15,28.21,0.03,17970.00

103,28.76,28.70,0.03,18001.00

103,28.64,28.70,0.03,18034.00

103,29.18,29.11,0.03,18066.00

103,32.04,32.10,0.03,18099.00

103,28.76,28.70,0.03,18130.00

103,29.02,29.08,0.03,18163.00

103,32.87,32.81,0.03,18196.00

103,30.34,30.40,0.03,18228.00

103,29.94,29.87,0.03,18259.00

103,29.29,29.35,0.03,18292.00

103,29.69,29.62,0.03,18324.00

103,29.88,29.95,0.03,18357.00

103,30.26,30.20,0.03,18388.00

103,35.08,35.14,0.03,18421.00

103,29.85,29.79,0.03,18453.00

103,27.49,27.56,0.03,18486.00

103,27.01,26.95,0.03,18518.00

103,27.22,27.28,0.03,18550.00

103,27.22,27.16,0.03,18582.00

103,27.06,27.12,0.03,18615.00

103,28.36,28.30,0.03,18647.00

103,28.65,28.71,0.03,18679.00

103,27.77,27.71,0.03,18711.00

103,32.69,32.75,0.03,18744.00

103,30.23,30.17,0.03,18776.00

103,28.64,28.69,0.03,18808.00

103,27.71,27.66,0.03,18840.00

103,27.46,27.51,0.03,18872.00

103,26.57,26.52,0.03,18905.00

103,27.28,27.33,0.03,18936.00

103,27.71,27.66,0.03,18969.00

103,27.46,27.51,0.03,19001.00

103,28.31,28.25,0.03,19034.00

103,31.84,31.89,0.03,19066.00

103,29.41,29.36,0.03,19098.00

103,30.50,30.55,0.03,19130.00

103,29.23,29.18,0.03,19163.00

103,30.21,30.26,0.03,19194.00

103,29.12,29.08,0.03,19227.00

103,27.44,27.49,0.03,19259.00

103,27.66,27.61,0.03,19292.00

103,27.17,27.22,0.03,19323.00

103,26.95,26.90,0.03,19356.00

103,27.30,27.34,0.03,19388.00

103,26.46,26.41,0.03,19421.00

103,26.90,26.95,0.03,19452.00

103,27.49,27.45,0.03,19485.00

103,27.77,27.81,0.03,19517.00

103,26.19,26.14,0.03,19550.00

103,26.08,26.13,0.03,19581.00

103,26.81,26.76,0.03,19614.00

103,26.30,26.35,0.03,19646.00

103,26.19,26.14,0.03,19678.00

103,26.52,26.56,0.03,19710.00

103,26.52,26.47,0.03,19742.00

103,27.28,27.32,0.03,19775.00

103,26.46,26.42,0.03,19807.00

103,25.81,25.86,0.03,19840.00

103,25.32,25.28,0.03,19871.00

103,25.49,25.53,0.03,19904.00

103,25.49,25.44,0.03,19936.00

103,24.44,24.48,0.03,19969.00

103,25.05,25.00,0.03,20000.00

103,25.87,25.91,0.03,20033.00

103,25.97,25.93,0.03,20065.00

103,24.56,24.61,0.03,20098.00

103,24.73,24.68,0.03,20129.00

103,26.03,26.08,0.03,20162.00

103,25.27,25.22,0.03,20194.00

103,24.78,24.83,0.03,20227.00

103,25.38,25.33,0.03,20258.00

103,26.14,26.18,0.03,20291.00

103,25.21,25.17,0.03,20323.00

103,24.51,24.55,0.03,20356.00

103,24.89,24.84,0.03,20387.00

103,24.78,24.83,0.03,20420.00

103,24.73,24.68,0.03,20452.00

103,24.67,24.72,0.03,20485.00

103,27.44,27.39,0.03,20516.00

103,25.92,25.97,0.03,20549.00

103,24.67,24.62,0.03,20581.00

103,26.90,26.94,0.03,20614.00

103,26.63,26.58,0.03,20645.00

103,24.78,24.83,0.03,20677.00

103,24.94,24.90,0.03,20710.00

103,25.54,25.59,0.03,20742.00

103,25.11,25.06,0.03,20774.00

103,24.94,24.99,0.03,20806.00

103,25.85,25.80,0.03,20839.00

103,31.13,31.18,0.03,20872.00

103,25.54,25.50,0.03,20903.00

103,25.27,25.31,0.03,20935.00

103,25.65,25.61,0.03,20968.00

103,25.70,25.74,0.03,21000.00

103,25.11,25.07,0.03,21032.00

103,25.16,25.20,0.03,21064.00

103,25.92,25.88,0.03,21097.00

103,24.62,24.66,0.03,21129.00

103,25.00,24.96,0.03,21161.00

103,26.03,26.07,0.03,21193.00

103,25.43,25.39,0.03,21226.00

103,25.54,25.58,0.03,21258.00

103,25.43,25.39,0.03,21291.00

103,25.05,25.09,0.03,21322.00

103,25.27,25.23,0.03,21355.00

103,24.78,24.82,0.03,21387.00

103,24.56,24.52,0.03,21420.00

103,25.43,25.47,0.03,21451.00

103,26.57,26.53,0.03,21484.00

103,24.73,24.77,0.03,21516.00

103,24.67,24.63,0.03,21548.00

103,25.97,26.01,0.03,21580.00

103,27.22,27.18,0.03,21613.00

103,27.28,27.32,0.03,21645.00

103,27.66,27.62,0.03,21678.00

103,27.33,27.37,0.03,21709.00

103,27.33,27.29,0.03,21742.00

103,27.22,27.26,0.03,21774.00

103,25.59,25.55,0.03,21806.00

103,27.01,27.05,0.03,21838.00

103,25.81,25.77,0.03,21870.00

103,25.38,25.42,0.03,21903.00

103,25.59,25.56,0.03,21935.00

103,25.54,25.58,0.03,21967.00

103,25.27,25.23,0.03,21999.00

103,25.21,25.25,0.03,22032.00

103,25.38,25.34,0.03,22064.00

103,25.32,25.36,0.03,22096.00

103,25.49,25.45,0.03,22128.00

103,25.38,25.42,0.03,22161.00

103,25.03,24.99,0.03,22193.00

103,24.94,24.98,0.03,22225.00

103,25.92,25.88,0.03,22257.00

103,25.76,25.80,0.03,22290.00

103,26.25,26.21,0.03,22322.00

103,25.16,25.20,0.03,22354.00

103,25.32,25.28,0.03,22386.00

103,24.83,24.87,0.03,22419.00

103,25.92,25.88,0.03,22451.00

103,27.28,27.32,0.03,22483.00

103,27.98,27.94,0.03,22515.00

103,26.68,26.72,0.03,22548.00

103,26.08,26.04,0.03,22580.00

103,25.81,25.85,0.03,22612.00

103,26.46,26.42,0.03,22644.00

103,26.95,26.99,0.03,22677.00

103,27.66,27.62,0.03,22709.00

103,27.71,27.75,0.03,22742.00

103,27.62,27.58,0.03,22773.00

103,27.39,27.43,0.03,22806.00

103,27.39,27.35,0.03,22838.00

103,27.60,27.64,0.03,22871.00

103,27.11,27.07,0.03,22902.00

103,27.33,27.37,0.03,22934.00

103,27.33,27.29,0.03,22967.00

103,27.49,27.53,0.03,22999.00

103,27.95,27.91,0.03,23031.00

103,28.58,28.62,0.03,23063.00

103,29.02,28.98,0.03,23096.00

103,30.07,30.10,0.03,23129.00

103,30.45,30.41,0.03,23160.00

103,28.69,28.73,0.03,23192.00

103,27.98,27.94,0.03,23225.00

103,28.42,28.46,0.03,23257.00

103,27.66,27.62,0.03,23289.00

103,27.01,27.05,0.03,23321.00

103,26.68,26.64,0.03,23354.00

103,27.01,27.05,0.03,23386.00

103,26.63,26.59,0.03,23418.00

103,26.57,26.61,0.03,23450.00

103,26.79,26.75,0.03,23483.00

103,26.79,26.83,0.03,23515.00

103,26.95,26.91,0.03,23547.00

103,27.39,27.42,0.03,23579.00

103,26.73,26.70,0.03,23612.00

103,26.19,26.23,0.03,23644.00

103,26.03,25.99,0.03,23676.00

103,26.46,26.50,0.03,23708.00

103,26.35,26.32,0.03,23741.00

103,28.47,28.51,0.03,23773.00

103,30.39,30.35,0.03,23805.00

103,25.43,25.47,0.03,23837.00

103,24.94,24.90,0.03,23869.00

103,24.73,24.77,0.03,23902.00

103,27.98,27.94,0.03,23934.00

103,24.56,24.61,0.03,23966.00

103,24.51,24.46,0.03,23998.00

103,28.87,28.91,0.03,24031.00

103,27.88,27.83,0.03,24062.00

103,26.68,26.72,0.03,24095.00

103,27.55,27.51,0.03,24127.00

103,24.89,24.93,0.03,24160.00

103,24.44,24.39,0.03,24192.00

103,24.35,24.39,0.03,24224.00

103,25.00,24.95,0.03,24256.00

103,25.00,25.04,0.03,24289.00

103,25.65,25.60,0.03,24321.00

103,26.46,26.51,0.03,24353.00

103,27.39,27.34,0.03,24385.00

103,27.77,27.81,0.03,24418.00

103,27.95,27.90,0.03,24450.00

103,27.44,27.48,0.03,24482.00

103,27.66,27.61,0.03,24514.00

103,27.22,27.27,0.03,24547.00

103,24.49,24.45,0.03,24579.00

103,28.42,28.46,0.03,24611.00

103,24.35,24.31,0.03,24643.00

103,28.53,28.56,0.03,24676.00

103,27.66,27.62,0.03,24708.00

103,26.14,26.17,0.03,24740.00

103,25.11,25.07,0.03,24772.00

103,27.77,27.80,0.03,24805.00

103,26.46,26.43,0.03,24837.00

103,23.37,23.40,0.03,24868.00

103,23.64,23.61,0.03,24901.00

103,23.15,23.18,0.03,24933.00

103,24.24,24.20,0.03,24966.00

103,22.86,22.90,0.03,24997.00

103,23.59,23.55,0.03,25030.00

103,27.17,27.20,0.03,25062.00

103,25.59,25.56,0.03,25095.00

103,27.60,27.63,0.03,25126.00

103,24.02,23.99,0.03,25159.00

103,27.66,27.68,0.03,25191.00

103,24.78,24.75,0.03,25224.00

103,27.17,27.19,0.03,25255.00

103,25.05,25.03,0.03,25288.00

103,24.24,24.26,0.03,25320.00

103,22.81,22.78,0.03,25353.00

103,27.88,27.89,0.03,25384.00

103,26.90,26.88,0.03,25417.00

103,23.13,23.15,0.03,25449.00

103,22.77,22.75,0.03,25481.00

103,24.94,24.96,0.03,25513.00

103,26.19,26.17,0.03,25546.00

103,23.62,23.64,0.03,25578.00

103,27.49,27.47,0.03,25611.00

103,24.60,24.62,0.03,25643.00

103,25.97,25.95,0.03,25675.00

103,28.42,28.44,0.03,25707.00

103,25.03,25.01,0.03,25739.00

103,27.11,27.14,0.03,25772.00

103,27.39,27.37,0.03,25804.00

103,23.69,23.72,0.03,25836.00

103,24.18,24.16,0.03,25868.00

103,25.21,25.24,0.03,25901.00

103,25.16,25.14,0.03,25932.00

103,24.13,24.15,0.03,25965.00

103,28.80,28.77,0.03,25998.00

103,26.90,26.93,0.03,26030.00

103,24.07,24.05,0.03,26061.00

103,24.35,24.37,0.03,26094.00

103,25.43,25.41,0.03,26126.00

103,23.68,23.70,0.03,26159.00

103,23.37,23.34,0.03,26190.00

103,28.04,28.06,0.03,26223.00

103,27.71,27.69,0.03,26255.00

103,23.31,23.34,0.03,26288.00

103,23.42,23.40,0.03,26319.00

103,26.30,26.32,0.03,26352.00

103,24.07,24.05,0.03,26384.00

103,24.51,24.53,0.03,26417.00

103,25.27,25.25,0.03,26448.00

103,27.44,27.46,0.03,26481.00

103,23.64,23.62,0.03,26513.00

103,28.20,28.22,0.03,26546.00

103,24.56,24.55,0.03,26577.00

103,25.05,25.07,0.03,26610.00

103,23.69,23.68,0.03,26642.00

103,23.80,23.82,0.03,26674.00

103,23.91,23.90,0.03,26706.00

103,23.51,23.53,0.03,26738.00

103,30.16,30.14,0.03,26771.00

103,30.43,30.44,0.03,26804.00

103,23.42,23.41,0.03,26835.00

103,30.01,30.02,0.03,26868.00

103,22.72,22.71,0.03,26900.00

103,24.35,24.35,0.03,26932.00

103,22.86,22.86,0.03,26964.00

103,23.48,23.48,0.03,26996.00

103,23.30,23.29,0.03,27029.00

103,26.79,26.79,0.03,27061.00

103,21.45,21.45,0.03,27094.00

103,21.47,21.46,0.03,27125.00

103,20.91,20.91,0.03,27158.00

103,21.50,21.50,0.03,27190.00

103,22.34,22.34,0.03,27223.00

103,22.44,22.44,0.03,27254.00

103,25.21,25.22,0.03,27287.00

103,21.58,21.58,0.03,27319.00

103,21.63,21.63,0.03,27352.00

103,30.01,30.01,0.03,27383.00

103,24.24,24.25,0.03,27416.00

103,22.23,22.22,0.03,27448.00

103,22.23,22.24,0.03,27480.00

103,22.21,22.20,0.03,27512.00

103,22.28,22.29,0.03,27544.00

103,21.83,21.82,0.03,27577.00

103,21.83,21.84,0.03,27609.00

103,21.88,21.88,0.03,27641.00

103,22.34,22.34,0.03,27673.00

103,22.75,22.75,0.03,27706.00

103,45.52,45.52,0.03,27740.00

103,27.44,27.46,0.03,27770.00

103,24.94,24.93,0.03,27802.00

103,24.45,24.47,0.03,27835.00

103,24.24,24.22,0.03,27867.00

103,26.46,26.48,0.03,27899.00

103,22.61,22.59,0.03,27931.00

103,25.87,25.88,0.03,27964.00

103,23.69,23.68,0.03,27996.00

103,25.81,25.82,0.03,28028.00

103,24.02,24.01,0.03,28060.00

103,23.42,23.43,0.03,28093.00

103,21.79,21.79,0.03,28125.00

103,21.18,21.18,0.03,28157.00

103,21.67,21.66,0.03,28189.00

103,24.89,24.89,0.03,28222.00

103,23.59,23.58,0.03,28254.00

103,22.34,22.34,0.03,28286.00

103,21.47,21.46,0.03,28318.00

103,21.39,21.40,0.03,28351.00

103,21.72,21.72,0.03,28383.00

103,21.14,21.15,0.03,28414.00

103,20.58,20.58,0.03,28447.00

103,20.58,20.59,0.03,28479.00

103,20.58,20.58,0.03,28512.00

103,21.45,21.45,0.03,28544.00

103,21.50,21.50,0.03,28576.00

103,25.11,25.11,0.03,28609.00

103,22.99,22.99,0.03,28641.00

103,21.47,21.47,0.03,28673.00

103,21.47,21.47,0.03,28705.00

103,21.41,21.41,0.03,28737.00

103,24.94,24.94,0.03,28770.00

103,21.68,21.69,0.03,28802.00

103,21.74,21.73,0.03,28834.00

103,22.34,22.34,0.03,28866.00

103,21.63,21.63,0.03,28899.00

103,23.53,23.53,0.03,28931.00

103,21.07,21.07,0.03,28963.00

103,21.68,21.69,0.03,28995.00

103,22.55,22.55,0.03,29028.00

103,23.64,23.64,0.03,29060.00

103,32.42,32.41,0.03,29092.00

103,35.08,35.08,0.03,29125.00

103,22.97,22.97,0.03,29157.00

103,23.15,23.15,0.03,29189.00

103,28.09,28.09,0.03,29221.00

103,23.69,23.70,0.03,29253.00

103,23.10,23.09,0.03,29286.00

103,22.82,22.83,0.03,29318.00

103,23.21,23.20,0.03,29350.00

103,26.30,26.30,0.03,29382.00

103,23.91,23.91,0.03,29415.00

103,36.13,36.12,0.03,29448.00

103,23.64,23.65,0.03,29479.00

103,36.98,36.96,0.03,29512.00

103,23.59,23.62,0.03,29544.00

103,30.17,30.14,0.03,29576.00

103,24.44,24.47,0.03,29608.00

103,26.30,26.26,0.03,29640.00

103,24.94,24.98,0.03,29673.00

103,27.44,27.40,0.03,29705.00

103,27.93,27.97,0.03,29737.00

103,26.35,26.31,0.03,29769.00

103,25.97,26.02,0.03,29802.00

103,24.29,24.25,0.03,29834.00

103,24.13,24.17,0.03,29865.00

103,26.30,26.26,0.03,29898.00

103,26.84,26.88,0.03,29931.00

103,25.38,25.34,0.03,29963.00

103,24.67,24.71,0.03,29995.00

103,25.11,25.07,0.03,30027.00

103,25.21,25.25,0.03,30059.00

103,25.16,25.12,0.03,30092.00

103,25.21,25.25,0.03,30124.00

103,25.00,24.96,0.03,30156.00

103,25.00,25.04,0.03,30188.00

103,24.78,24.74,0.03,30221.00

103,25.61,25.65,0.03,30253.00

103,24.89,24.85,0.03,30285.00

103,25.27,25.31,0.03,30317.00

103,27.88,27.84,0.03,30350.00

103,27.01,27.05,0.03,30382.00

103,25.97,25.93,0.03,30414.00

103,27.06,27.10,0.03,30446.00

103,26.73,26.70,0.03,30479.00

103,28.06,28.09,0.03,30511.00

103,24.29,24.26,0.03,30543.00

103,24.45,24.49,0.03,30575.00

103,25.38,25.34,0.03,30608.00

103,24.73,24.76,0.03,30640.00

103,26.19,26.15,0.03,30672.00

103,27.93,27.97,0.03,30704.00

103,27.44,27.40,0.03,30737.00

103,25.05,25.09,0.03,30769.00

103,25.59,25.56,0.03,30801.00

103,25.38,25.41,0.03,30833.00

103,25.94,25.90,0.03,30866.00

103,26.46,26.50,0.03,30898.00

103,26.08,26.05,0.03,30930.00

103,26.63,26.66,0.03,30962.00

103,25.81,25.78,0.03,30994.00

103,25.81,25.85,0.03,31027.00

103,26.19,26.16,0.03,31058.00

103,26.03,26.07,0.03,31091.00

103,27.82,27.78,0.03,31124.00

103,28.09,28.13,0.03,31156.00

103,25.97,25.94,0.03,31187.00

103,25.76,25.79,0.03,31220.00

103,25.76,25.72,0.03,31252.00

103,25.65,25.68,0.03,31285.00

103,25.65,25.61,0.03,31316.00

103,25.49,25.52,0.03,31349.00

103,26.03,25.99,0.03,31381.00

103,26.30,26.34,0.03,31414.00

103,26.32,26.28,0.03,31446.00

103,25.65,25.68,0.03,31478.00

103,25.76,25.72,0.03,31510.00

103,25.11,25.14,0.03,31543.00

103,25.49,25.45,0.03,31575.00

103,25.32,25.36,0.03,31607.00

103,25.38,25.34,0.03,31639.00

103,25.65,25.69,0.03,31672.00

103,27.06,27.02,0.03,31704.00

103,25.00,25.04,0.03,31736.00

103,24.94,24.90,0.03,31768.00

103,27.01,27.04,0.03,31801.00

103,25.49,25.45,0.03,31833.00

103,25.38,25.41,0.03,31865.00

103,35.40,35.36,0.03,31898.00

103,25.32,25.37,0.03,31929.00

103,52.29,52.23,0.03,31963.00

103,23.86,23.94,0.03,31993.00

103,25.92,25.84,0.03,32026.00

103,25.16,25.25,0.03,32058.00

103,23.97,23.88,0.03,32091.00

103,23.21,23.29,0.03,32122.00

103,27.77,27.68,0.03,32155.00

103,26.95,27.04,0.03,32187.00

103,36.11,36.02,0.03,32220.00

103,24.94,25.04,0.03,32251.00

103,25.32,25.22,0.03,32284.00

103,27.11,27.21,0.03,32316.00

103,26.57,26.47,0.03,32349.00

103,28.91,29.00,0.03,32380.00

103,24.56,24.47,0.03,32413.00

103,26.57,26.66,0.03,32445.00

103,26.08,25.99,0.03,32478.00

103,27.49,27.59,0.03,32509.00

103,25.87,25.78,0.03,32542.00

103,25.43,25.52,0.03,32574.00

103,28.96,28.87,0.03,32607.00

103,29.40,29.49,0.03,32638.00

103,23.91,23.82,0.03,32671.00

103,22.93,23.02,0.03,32703.00

103,22.75,22.66,0.03,32735.00

103,23.04,23.13,0.03,32768.00

103,22.93,22.85,0.03,32799.00

103,23.26,23.35,0.03,32832.00

103,22.28,22.19,0.03,32864.00

103,22.28,22.37,0.03,32897.00

103,21.78,21.69,0.03,32928.00

103,22.26,22.35,0.03,32961.00

103,22.77,22.68,0.03,32993.00

103,25.43,25.52,0.03,33026.00

103,25.87,25.78,0.03,33057.00

103,34.81,34.89,0.03,33090.00

103,25.43,25.36,0.03,33122.00

103,24.94,25.02,0.03,33155.00

103,22.43,22.35,0.03,33186.00

103,21.41,21.49,0.03,33219.00

103,22.34,22.26,0.03,33251.00

103,22.99,23.06,0.03,33284.00

103,23.37,23.30,0.03,33315.00

103,23.10,23.17,0.03,33348.00

103,22.12,22.05,0.03,33380.00

103,21.01,21.09,0.03,33413.00

103,21.52,21.45,0.03,33444.00

103,23.59,23.66,0.03,33477.00

103,22.44,22.37,0.03,33509.00

103,20.49,20.56,0.03,33541.00

103,20.36,20.29,0.03,33573.00

103,20.80,20.87,0.03,33605.00

103,23.64,23.57,0.03,33638.00

103,22.72,22.79,0.03,33671.00

103,22.66,22.59,0.03,33702.00

103,21.29,21.36,0.03,33734.00

103,21.23,21.16,0.03,33767.00

103,21.30,21.38,0.03,33799.00

103,22.32,22.24,0.03,33831.00

103,22.44,22.52,0.03,33863.00

103,24.40,24.32,0.03,33896.00

103,23.59,23.66,0.03,33928.00

103,23.21,23.13,0.03,33960.00

103,23.86,23.93,0.03,33992.00

103,22.72,22.64,0.03,34025.00

103,23.42,23.50,0.03,34057.00

103,24.51,24.43,0.03,34089.00

103,23.78,23.86,0.03,34121.00

103,23.42,23.35,0.03,34154.00

103,24.51,24.58,0.03,34186.00

103,31.86,31.78,0.03,34219.00

103,25.11,25.19,0.03,34250.00

103,24.62,24.54,0.03,34283.00

103,24.35,24.43,0.03,34315.00

103,22.86,22.78,0.03,34348.00

103,22.77,22.85,0.03,34379.00

103,26.41,26.33,0.03,34412.00

103,23.59,23.67,0.03,34444.00

103,29.88,29.80,0.03,34477.00

103,31.84,31.93,0.03,34509.00

103,23.21,23.12,0.03,34541.00

103,23.75,23.83,0.03,34573.00

103,22.72,22.64,0.03,34606.00

103,23.53,23.61,0.03,34637.00

103,22.99,22.91,0.03,34670.00

103,25.65,25.73,0.03,34702.00

103,22.12,22.04,0.03,34734.00

103,25.16,25.23,0.03,34766.00

103,22.82,22.75,0.03,34798.00

103,23.80,23.87,0.03,34831.00

103,22.61,22.54,0.03,34863.00

103,25.87,25.93,0.03,34895.00

103,22.93,22.87,0.03,34927.00

103,21.68,21.75,0.03,34960.00

103,21.85,21.78,0.03,34992.00

103,22.88,22.95,0.03,35024.00

103,25.97,25.91,0.03,35057.00

103,23.86,23.93,0.03,35089.00

103,26.46,26.39,0.03,35122.00

103,22.23,22.30,0.03,35153.00

103,25.54,25.46,0.03,35185.00

103,23.15,23.23,0.03,35218.00

103,25.38,25.30,0.03,35250.00

103,24.73,24.80,0.03,35282.00

103,22.21,22.13,0.03,35314.00

103,22.88,22.96,0.03,35347.00

103,24.51,24.43,0.03,35379.00

103,22.17,22.25,0.03,35411.00

103,22.99,22.91,0.03,35443.00

103,24.45,24.53,0.03,35476.00

103,23.10,23.02,0.03,35508.00

103,23.53,23.61,0.03,35540.00

103,23.15,23.07,0.03,35572.00

103,21.79,21.87,0.03,35605.00

103,22.61,22.53,0.03,35637.00

103,24.06,24.13,0.03,35670.00

103,25.21,25.14,0.03,35701.00

103,25.16,25.24,0.03,35734.00

103,25.49,25.41,0.03,35766.00

103,22.43,22.51,0.03,35798.00

103,21.96,21.88,0.03,35830.00

103,21.88,21.96,0.03,35862.00

103,21.25,21.17,0.03,35895.00

103,21.52,21.60,0.03,35927.00

103,20.98,20.90,0.03,35959.00

103,20.74,20.82,0.03,35991.00

103,20.49,20.41,0.03,36024.00

103,20.76,20.84,0.03,36056.00

103,20.25,20.18,0.03,36088.00

103,20.22,20.29,0.03,36120.00

103,20.16,20.09,0.03,36153.00

103,20.16,20.24,0.03,36185.00

103,20.98,20.90,0.03,36217.00

103,23.31,23.39,0.03,36249.00

103,21.41,21.34,0.03,36282.00

103,22.01,22.08,0.03,36314.00

103,20.71,20.63,0.03,36346.00

103,20.36,20.44,0.03,36378.00

103,20.76,20.69,0.03,36411.00

103,20.44,20.51,0.03,36443.00

103,23.91,23.84,0.03,36475.00

103,22.12,22.19,0.03,36507.00

103,21.99,21.92,0.03,36540.00

103,20.74,20.82,0.03,36572.00

103,19.68,19.60,0.03,36603.00

103,20.36,20.44,0.03,36636.00

103,19.78,19.71,0.03,36668.00

103,19.68,19.75,0.03,36701.00

103,19.98,19.91,0.03,36732.00

103,21.30,21.38,0.03,36765.00

103,20.98,20.91,0.03,36797.00

103,20.60,20.67,0.03,36830.00

103,22.01,21.94,0.03,36861.00

103,21.14,21.22,0.03,36894.00

103,21.45,21.37,0.03,36926.00

103,24.45,24.53,0.03,36959.00

103,23.91,23.84,0.03,36990.00

103,22.99,23.06,0.03,37023.00

103,23.84,23.77,0.03,37055.00

103,22.99,23.06,0.03,37088.00

103,23.78,23.71,0.03,37120.00

103,24.67,24.74,0.03,37152.00

103,25.11,25.03,0.03,37184.00

103,26.73,26.81,0.03,37217.00

103,27.39,27.31,0.03,37250.00

103,27.44,27.51,0.03,37281.00

103,26.25,26.17,0.03,37313.00

103,24.94,25.02,0.03,37346.00

103,25.21,25.14,0.03,37378.00

103,24.73,24.80,0.03,37410.00

103,25.38,25.30,0.03,37442.00

103,25.76,25.83,0.03,37475.00

103,24.94,24.87,0.03,37507.00

103,25.21,25.29,0.03,37539.00

103,25.65,25.58,0.03,37571.00

103,24.54,24.62,0.03,37604.00

103,25.05,24.98,0.03,37636.00

103,25.32,25.40,0.03,37668.00

103,25.38,25.30,0.03,37700.00

103,25.27,25.34,0.03,37733.00

103,24.51,24.44,0.03,37765.00

103,24.51,24.58,0.03,37797.00

103,25.18,25.11,0.03,37829.00

103,25.05,25.12,0.03,37862.00

103,25.16,25.09,0.03,37894.00

103,24.56,24.64,0.03,37926.00

103,24.62,24.54,0.03,37958.00

103,25.81,25.88,0.03,37991.00

103,24.45,24.38,0.03,38023.00

103,23.97,24.04,0.03,38054.00

103,23.91,23.84,0.03,38087.00

103,28.26,28.32,0.03,38120.00

103,29.25,29.18,0.03,38152.00

103,24.51,24.58,0.03,38183.00

103,25.32,25.25,0.03,38216.00

103,27.28,27.35,0.03,38249.00

103,24.78,24.71,0.03,38281.00

103,24.45,24.52,0.03,38312.00

103,27.17,27.10,0.03,38345.00

103,24.94,25.02,0.03,38377.00

103,24.94,24.87,0.03,38410.00

103,26.46,26.53,0.03,38441.00

103,27.02,26.95,0.03,38474.00

103,24.73,24.80,0.03,38506.00

103,24.56,24.49,0.03,38539.00

103,26.52,26.59,0.03,38571.00

103,25.87,25.80,0.03,38603.00

103,26.57,26.64,0.03,38635.00

103,28.53,28.46,0.03,38668.00

103,22.99,23.06,0.03,38700.00

103,22.61,22.53,0.03,38732.00

103,22.50,22.57,0.03,38764.00

103,21.79,21.72,0.03,38796.00

103,22.01,22.08,0.03,38829.00

103,22.77,22.70,0.03,38860.00

103,26.41,26.48,0.03,38893.00

103,24.89,24.82,0.03,38926.00

103,23.21,23.28,0.03,38958.00

103,22.26,22.19,0.03,38989.00

103,22.34,22.41,0.03,39022.00

103,23.37,23.30,0.03,39054.00

103,23.53,23.60,0.03,39087.00

103,23.13,23.06,0.03,39118.00

103,22.77,22.84,0.03,39151.00

103,25.16,25.09,0.03,39183.00

103,38.25,38.31,0.03,39217.00

103,22.77,22.72,0.03,39247.00

103,21.90,21.96,0.03,39280.00

103,21.94,21.88,0.03,39312.00

103,22.32,22.37,0.03,39345.00

103,24.13,24.07,0.03,39376.00

103,48.58,48.62,0.03,39410.00

103,22.93,22.91,0.03,39441.00

103,23.64,23.66,0.03,39474.00

103,24.73,24.70,0.03,39505.00

103,22.64,22.67,0.03,39538.00

103,23.24,23.22,0.03,39570.00

103,25.59,25.62,0.03,39603.00

103,24.35,24.32,0.03,39634.00

103,23.04,23.07,0.03,39667.00

103,24.56,24.54,0.03,39699.00

103,24.67,24.70,0.03,39732.00

103,24.35,24.32,0.03,39763.00

103,23.04,23.07,0.03,39796.00

103,22.77,22.74,0.03,39828.00

103,22.88,22.90,0.03,39861.00

103,22.55,22.53,0.03,39892.00

103,23.51,23.54,0.03,39925.00

103,22.70,22.67,0.03,39957.00

103,22.72,22.74,0.03,39989.00

103,25.76,25.73,0.03,40022.00

103,26.46,26.49,0.03,40054.00

103,23.86,23.83,0.03,40086.00

103,24.18,24.21,0.03,40118.00

103,27.39,27.36,0.03,40151.00

103,23.75,23.78,0.03,40182.00

103,24.02,23.99,0.03,40215.00

103,27.60,27.63,0.03,40248.00

103,23.80,23.78,0.03,40280.00

103,25.70,25.73,0.03,40311.00

103,27.82,27.80,0.03,40344.00

103,23.53,23.56,0.03,40376.00

103,23.15,23.12,0.03,40409.00

103,22.23,22.25,0.03,40440.00

103,25.87,25.84,0.03,40473.00

103,23.69,23.72,0.03,40505.00

103,23.95,23.92,0.03,40538.00

103,22.16,22.19,0.03,40569.00

103,22.54,22.50,0.03,40602.00

103,24.54,24.57,0.03,40634.00

103,23.40,23.37,0.03,40667.00

103,22.17,22.20,0.03,40698.00

103,21.63,21.60,0.03,40731.00

103,22.99,23.02,0.03,40763.00

103,23.69,23.66,0.03,40796.00

103,22.82,22.85,0.03,40827.00

103,23.69,23.66,0.03,40860.00

103,25.38,25.41,0.03,40892.00

103,25.43,25.40,0.03,40925.00

103,23.24,23.27,0.03,40956.00

103,23.86,23.83,0.03,40989.00

103,29.79,29.82,0.03,41021.00

103,24.45,24.43,0.03,41054.00

103,26.46,26.49,0.03,41085.00

103,27.01,26.98,0.03,41118.00

103,25.54,25.56,0.03,41150.00

103,26.03,26.00,0.03,41183.00

103,24.24,24.26,0.03,41214.00

103,26.57,26.55,0.03,41247.00

103,26.19,26.22,0.03,41279.00

103,26.21,26.18,0.03,41311.00

103,28.36,28.39,0.03,41344.00

103,23.97,23.94,0.03,41375.00

103,25.43,25.45,0.03,41408.00

103,24.94,24.92,0.03,41440.00

103,24.02,24.04,0.03,41473.00

103,23.64,23.62,0.03,41504.00

103,28.20,28.22,0.03,41537.00

103,27.22,27.21,0.03,41569.00

103,23.91,23.93,0.03,41602.00

103,22.93,22.91,0.03,41633.00

103,23.10,23.12,0.03,41666.00

103,23.21,23.19,0.03,41698.00

103,24.45,24.47,0.03,41731.00

103,23.37,23.35,0.03,41762.00

103,26.57,26.59,0.03,41795.00

103,23.48,23.46,0.03,41827.00

103,26.03,26.04,0.03,41860.00

103,22.66,22.65,0.03,41891.00

103,26.46,26.47,0.03,41924.00

103,25.70,25.70,0.03,41956.00

103,21.85,21.86,0.03,41988.00

103,26.19,26.18,0.03,42020.00

103,23.15,23.17,0.03,42052.00

103,24.24,24.22,0.03,42085.00

103,24.02,24.03,0.03,42117.00

103,22.88,22.86,0.03,42149.00

103,22.17,22.19,0.03,42181.00

103,22.23,22.21,0.03,42214.00

103,22.72,22.73,0.03,42246.00

103,22.66,22.65,0.03,42278.00

103,22.10,22.12,0.03,42310.00

103,22.06,22.05,0.03,42343.00

103,22.06,22.08,0.03,42375.00

103,22.01,22.00,0.03,42407.00

103,22.17,22.19,0.03,42439.00

103,22.06,22.05,0.03,42472.00

103,23.53,23.54,0.03,42504.00

103,23.31,23.30,0.03,42536.00

103,46.01,46.01,0.03,42569.00

103,23.91,23.93,0.03,42601.00

103,24.89,24.87,0.03,42633.00

103,23.42,23.44,0.03,42665.00

103,28.71,28.69,0.03,42697.00

103,22.99,23.01,0.03,42730.00

103,22.17,22.15,0.03,42762.00

103,22.06,22.09,0.03,42795.00

103,25.49,25.46,0.03,42826.00

103,23.04,23.07,0.03,42859.00

103,25.97,25.95,0.03,42891.00

103,23.08,23.11,0.03,42924.00

103,26.30,26.27,0.03,42955.00

103,21.41,21.45,0.03,42987.00

103,25.21,25.18,0.03,43020.00

103,23.24,23.28,0.03,43052.00

103,24.18,24.14,0.03,43084.00

103,21.34,21.38,0.03,43116.00

103,21.74,21.70,0.03,43149.00

103,22.99,23.03,0.03,43181.00

103,23.91,23.87,0.03,43213.00

103,21.67,21.71,0.03,43245.00

103,21.79,21.75,0.03,43278.00

103,25.05,25.09,0.03,43310.00

103,24.18,24.14,0.03,43342.00

103,22.37,22.41,0.03,43374.00

103,22.93,22.89,0.03,43407.00

103,22.99,23.03,0.03,43439.00

103,23.75,23.71,0.03,43471.00

103,22.82,22.87,0.03,43503.00

103,23.10,23.06,0.03,43536.00

103,22.82,22.87,0.03,43568.00

103,22.66,22.62,0.03,43600.00

103,21.88,21.92,0.03,43632.00

103,21.25,21.21,0.03,43665.00

103,21.20,21.24,0.03,43697.00

103,20.71,20.67,0.03,43729.00

103,22.01,22.05,0.03,43761.00

103,22.28,22.24,0.03,43794.00

103,24.13,24.17,0.03,43826.00

103,23.10,23.06,0.03,43858.00

103,26.08,26.12,0.03,43890.00

103,22.17,22.14,0.03,43923.00

103,23.86,23.89,0.03,43955.00

103,22.17,22.14,0.03,43986.00

103,22.10,22.13,0.03,44019.00

103,22.48,22.45,0.03,44051.00

103,25.21,25.24,0.03,44084.00

103,25.97,25.94,0.03,44116.00

103,23.53,23.56,0.03,44148.00

103,22.72,22.69,0.03,44180.00

103,24.40,24.43,0.03,44213.00

103,25.74,25.71,0.03,44246.00

103,21.47,21.50,0.03,44277.00

103,21.01,20.98,0.03,44309.00

103,21.03,21.07,0.03,44342.00

103,20.91,20.87,0.03,44374.00

103,21.61,21.64,0.03,44406.00

103,21.50,21.47,0.03,44438.00

103,21.63,21.66,0.03,44471.00

103,21.03,21.00,0.03,44503.00

103,24.29,24.32,0.03,44535.00

103,25.54,25.51,0.03,44567.00

103,20.91,20.94,0.03,44600.00

103,20.85,20.82,0.03,44632.00

103,26.08,26.11,0.03,44664.00

103,21.90,21.87,0.03,44696.00

103,54.08,54.09,0.03,44730.00

103,21.14,21.15,0.03,44761.00

103,20.69,20.68,0.03,44793.00

103,21.14,21.15,0.03,44825.00

103,21.09,21.08,0.03,44858.00

103,20.63,20.65,0.03,44890.00

103,21.07,21.06,0.03,44921.00

103,21.96,21.97,0.03,44954.00

103,25.00,24.98,0.03,44987.00

103,21.63,21.65,0.03,45019.00

103,21.18,21.16,0.03,45050.00

103,22.12,22.13,0.03,45083.00

103,24.67,24.65,0.03,45116.00

103,26.84,26.86,0.03,45148.00

103,27.93,27.91,0.03,45180.00

103,29.20,29.21,0.03,45212.00

103,20.85,20.84,0.03,45244.00

103,21.52,21.53,0.03,45277.00

103,22.61,22.60,0.03,45308.00

103,30.75,30.76,0.03,45341.00

103,20.76,20.76,0.03,45373.00

103,19.71,19.71,0.03,45406.00

103,19.62,19.62,0.03,45437.00

103,19.98,19.98,0.03,45470.00

103,31.51,31.51,0.03,45503.00

103,31.02,31.03,0.03,45535.00

103,32.18,32.18,0.03,45568.00

103,20.76,20.78,0.03,45599.00

103,20.49,20.48,0.03,45631.00

103,19.93,19.94,0.03,45664.00

103,22.75,22.74,0.03,45696.00

103,33.34,33.35,0.03,45728.00

103,28.31,28.30,0.03,45760.00

103,20.82,20.83,0.03,45793.00

103,18.90,18.89,0.03,45825.00

103,18.79,18.80,0.03,45856.00

103,18.63,18.62,0.03,45889.00

103,17.99,18.00,0.03,45921.00

103,18.73,18.72,0.03,45954.00

103,19.13,19.14,0.03,45985.00

103,18.57,18.56,0.03,46018.00

103,18.46,18.47,0.03,46050.00

103,42.86,42.84,0.03,46084.00

103,31.02,31.06,0.03,46115.00

103,29.34,29.31,0.03,46147.00

103,24.51,24.54,0.03,46180.00

103,23.15,23.12,0.03,46212.00

103,16.67,16.71,0.03,46243.00

103,19.17,19.13,0.03,46276.00

103,17.45,17.49,0.03,46308.00

103,19.08,19.04,0.03,46341.00

103,16.73,16.77,0.03,46372.00

103,16.29,16.25,0.03,46404.00

103,17.38,17.42,0.03,46437.00

103,16.02,15.98,0.03,46469.00

103,14.93,14.97,0.03,46501.00

103,15.64,15.60,0.03,46533.00

103,15.53,15.57,0.03,46566.00

103,14.01,13.97,0.03,46598.00

103,14.77,14.81,0.03,46630.00

103,14.72,14.68,0.03,46662.00

103,14.17,14.21,0.03,46695.00

103,14.12,14.08,0.03,46727.00

103,13.63,13.67,0.03,46759.00

103,13.58,13.54,0.03,46791.00

103,13.58,13.62,0.03,46824.00

103,13.58,13.54,0.03,46856.00

103,14.12,14.16,0.03,46888.00

103,14.72,14.68,0.03,46920.00

103,14.39,14.43,0.03,46953.00

103,14.55,14.51,0.03,46985.00

103,15.20,15.24,0.03,47017.00

103,14.88,14.84,0.03,47049.00

103,14.93,14.97,0.03,47082.00

103,15.42,15.38,0.03,47114.00

103,15.48,15.52,0.03,47147.00

103,15.91,15.87,0.03,47178.00

103,15.42,15.46,0.03,47211.00

103,14.99,14.95,0.03,47243.00

103,14.61,14.65,0.03,47275.00

103,14.82,14.78,0.03,47307.00

103,15.15,15.19,0.03,47339.00

103,14.39,14.35,0.03,47372.00

103,13.79,13.83,0.03,47404.00

103,13.94,13.90,0.03,47436.00

103,13.38,13.42,0.03,47468.00

103,13.96,13.92,0.03,47501.00

103,13.85,13.89,0.03,47533.00

103,12.91,12.87,0.03,47565.00

103,12.40,12.44,0.03,47597.00

103,12.85,12.81,0.03,47630.00

103,12.80,12.84,0.03,47662.00

103,12.42,12.38,0.03,47694.00

103,13.30,13.34,0.03,47726.00

103,13.90,13.86,0.03,47759.00

103,13.21,13.25,0.03,47791.00

103,12.85,12.81,0.03,47823.00

103,12.85,12.89,0.03,47855.00

103,13.25,13.21,0.03,47888.00

103,14.28,14.32,0.03,47920.00

103,13.96,13.92,0.03,47952.00

103,14.10,14.14,0.03,47984.00

103,14.77,14.73,0.03,48017.00

103,14.50,14.54,0.03,48049.00

103,15.53,15.49,0.03,48081.00

103,16.07,16.11,0.03,48113.00

103,15.31,15.27,0.03,48146.00

103,14.93,14.97,0.03,48178.00

103,15.37,15.33,0.03,48210.00

103,17.00,17.03,0.03,48242.00

103,15.64,15.60,0.03,48275.00

103,14.06,14.10,0.03,48307.00

103,14.88,14.84,0.03,48338.00

103,13.61,13.65,0.03,48371.00

103,13.61,13.57,0.03,48403.00

103,13.79,13.83,0.03,48436.00

103,13.00,12.96,0.03,48467.00

103,12.85,12.89,0.03,48500.00

103,13.58,13.54,0.03,48532.00

103,13.85,13.89,0.03,48565.00

103,13.30,13.27,0.03,48596.00

103,12.96,13.00,0.03,48629.00

103,13.79,13.75,0.03,48661.00

103,13.85,13.89,0.03,48694.00

103,13.52,13.48,0.03,48726.00

103,13.27,13.31,0.03,48758.00

103,12.89,12.85,0.03,48790.00

103,13.85,13.88,0.03,48823.00

103,13.52,13.48,0.03,48855.00

103,13.29,13.32,0.03,48887.00

103,13.63,13.59,0.03,48919.00

103,13.29,13.32,0.03,48952.00

103,13.94,13.90,0.03,48984.00

103,14.28,14.32,0.03,49016.00

103,13.32,13.28,0.03,49048.00

103,13.34,13.38,0.03,49081.00

103,13.83,13.79,0.03,49113.00

103,13.05,13.09,0.03,49144.00

103,12.42,12.38,0.03,49177.00

103,12.53,12.56,0.03,49209.00

103,12.85,12.81,0.03,49242.00

103,12.45,12.49,0.03,49273.00

103,12.74,12.70,0.03,49306.00

103,13.23,13.27,0.03,49338.00

103,13.00,12.96,0.03,49371.00

103,12.13,12.17,0.03,49402.00

103,12.47,12.43,0.03,49435.00

103,12.13,12.17,0.03,49467.00

103,12.45,12.41,0.03,49500.00

103,12.53,12.56,0.03,49531.00

103,12.36,12.32,0.03,49564.00

103,13.29,13.32,0.03,49596.00

103,12.56,12.52,0.03,49629.00

103,12.02,12.06,0.03,49660.00

103,12.40,12.36,0.03,49693.00

103,13.18,13.21,0.03,49725.00

103,17.38,17.34,0.03,49758.00

103,12.02,12.06,0.03,49789.00

103,12.02,11.98,0.03,49822.00

103,11.96,12.01,0.03,49854.00

103,12.34,12.30,0.03,49887.00

103,13.90,13.94,0.03,49918.00

103,14.28,14.24,0.03,49951.00

103,13.68,13.73,0.03,49983.00

103,13.27,13.23,0.03,50016.00

103,13.29,13.33,0.03,50048.00

103,13.43,13.39,0.03,50080.00

103,12.89,12.93,0.03,50112.00

103,20.87,20.82,0.03,50145.00

103,12.02,12.07,0.03,50177.00

103,12.13,12.07,0.03,50208.00

103,12.07,12.13,0.03,50241.00

103,11.69,11.64,0.03,50273.00

103,11.58,11.64,0.03,50306.00

103,11.64,11.59,0.03,50337.00

103,11.98,12.03,0.03,50370.00

103,11.98,11.93,0.03,50402.00

103,12.24,12.29,0.03,50435.00

103,12.72,12.67,0.03,50466.00

103,11.20,11.26,0.03,50499.00

103,11.26,11.21,0.03,50531.00

103,11.10,11.15,0.03,50564.00

103,11.55,11.49,0.03,50595.00

103,10.82,10.88,0.03,50628.00

103,10.28,10.23,0.03,50660.00

103,10.19,10.24,0.03,50693.00

103,10.50,10.45,0.03,50724.00

103,10.88,10.93,0.03,50757.00

103,9.41,9.36,0.03,50789.00

103,9.96,10.01,0.03,50819.00

103,9.41,9.36,0.03,50850.00

103,9.96,10.01,0.03,50880.00

103,9.36,9.31,0.03,50912.00

103,9.96,10.01,0.03,50941.00

103,10.28,10.23,0.03,50973.00

103,11.26,11.31,0.03,51005.00

103,16.45,16.40,0.03,51038.00

103,15.64,15.69,0.03,51070.00

103,16.56,16.51,0.03,51102.00

103,14.06,14.12,0.03,51134.00

103,16.62,16.56,0.03,51167.00

103,14.53,14.59,0.03,51198.00

103,14.01,13.95,0.03,51231.00

103,14.17,14.23,0.03,51263.00

103,58.59,58.51,0.03,51298.00

103,54.66,54.75,0.03,51331.00

103,13.47,13.41,0.03,51360.00

103,13.96,14.01,0.03,51392.00

103,12.80,12.74,0.03,51425.00

103,11.93,11.98,0.03,51457.00

103,11.93,11.87,0.03,51489.00

103,11.55,11.60,0.03,51521.00

103,11.10,11.04,0.03,51554.00

103,11.11,11.17,0.03,51586.00

103,10.82,10.77,0.03,51618.00

103,12.25,12.31,0.03,51650.00

103,12.00,11.95,0.03,51683.00

103,11.96,12.02,0.03,51715.00

103,11.71,11.66,0.03,51746.00

103,11.58,11.64,0.03,51779.00

103,11.64,11.59,0.03,51811.00

103,11.48,11.53,0.03,51844.00

103,11.98,11.93,0.03,51875.00

103,12.67,12.72,0.03,51908.00

103,12.13,12.07,0.03,51940.00

103,11.49,11.55,0.03,51973.00

103,14.12,14.06,0.03,52005.00

103,15.20,15.26,0.03,52037.00

103,56.84,56.76,0.03,52072.00

103,57.34,57.42,0.03,52104.00

103,11.75,11.70,0.03,52133.00

103,11.58,11.63,0.03,52166.00

103,11.20,11.16,0.03,52198.00

103,11.91,11.96,0.03,52231.00

103,12.85,12.81,0.03,52262.00

103,13.18,13.22,0.03,52295.00

103,11.91,11.87,0.03,52327.00

103,12.18,12.23,0.03,52360.00

103,15.69,15.65,0.03,52391.00

103,11.69,11.74,0.03,52424.00

103,11.22,11.17,0.03,52456.00

103,10.79,10.84,0.03,52489.00

103,9.85,9.80,0.03,52520.00

103,9.90,9.95,0.03,52550.00

103,10.66,10.61,0.03,52581.00

103,11.53,11.58,0.03,52614.00

103,16.94,16.89,0.03,52645.00

103,9.52,9.58,0.03,52677.00

103,9.68,9.63,0.03,52708.00

103,9.14,9.20,0.03,52738.00

103,8.92,8.87,0.03,52768.00

103,9.30,9.36,0.03,52798.00

103,20.63,20.57,0.03,52829.00

103,13.01,13.08,0.03,52860.00

103,13.63,13.56,0.03,52893.00

103,12.47,12.54,0.03,52925.00

103,12.89,12.82,0.03,52958.00

103,8.11,8.18,0.03,52989.00

103,8.71,8.63,0.03,53019.00

103,9.09,9.16,0.03,53050.00

103,9.70,9.63,0.03,53080.00

103,58.16,58.20,0.03,53113.00

103,9.85,9.84,0.03,53142.00

103,9.30,9.31,0.03,53173.00

103,9.03,9.02,0.03,53202.00

103,8.98,8.99,0.03,53233.00

103,9.09,9.08,0.03,53263.00

103,9.41,9.42,0.03,53294.00

103,9.58,9.57,0.03,53323.00

103,9.58,9.58,0.03,53354.00

103,10.88,10.87,0.03,53384.00

103,30.48,30.48,0.03,53417.00

103,13.39,13.41,0.03,53448.00

103,13.45,13.44,0.03,53481.00

103,9.86,9.88,0.03,53513.00

103,56.75,56.70,0.03,53545.00

103,10.95,11.03,0.03,53575.00

103,56.82,56.72,0.03,53610.00

103,11.11,11.24,0.03,53640.00

103,11.93,11.80,0.03,53671.00

103,11.11,11.25,0.03,53704.00

103,12.25,12.12,0.03,53736.00

103,11.48,11.61,0.03,53769.00

103,11.77,11.63,0.03,53800.00

103,18.79,18.92,0.03,53833.00

103,20.36,20.23,0.03,53866.00

103,16.13,16.26,0.03,53898.00

103,39.48,39.33,0.03,53932.00

103,12.40,12.56,0.03,53962.00

103,12.69,12.53,0.03,53994.00

103,12.78,12.94,0.03,54027.00

103,13.34,13.18,0.03,54059.00

103,12.51,12.67,0.03,54091.00

103,13.41,13.25,0.03,54123.00

103,14.66,14.82,0.03,54156.00

103,15.58,15.42,0.03,54188.00

103,14.77,14.93,0.03,54220.00

103,12.67,12.51,0.03,54252.00

103,12.63,12.80,0.03,54285.00

103,12.07,11.91,0.03,54317.00

103,11.53,11.69,0.03,54349.00

103,12.74,12.58,0.03,54381.00

103,12.09,12.25,0.03,54414.00

103,12.42,12.26,0.03,54446.00

103,13.79,13.95,0.03,54478.00

103,12.78,12.62,0.03,54510.00

103,25.76,25.91,0.03,54543.00

103,12.36,12.22,0.03,54575.00

103,12.34,12.49,0.03,54607.00

103,12.58,12.44,0.03,54639.00

103,55.55,55.67,0.03,54674.00

103,27.71,27.61,0.03,54705.00

103,11.69,11.80,0.03,54735.00

103,11.58,11.47,0.03,54768.00

103,10.82,10.94,0.03,54800.00

103,10.28,10.17,0.03,54833.00

103,13.18,13.29,0.03,54864.00

103,12.34,12.24,0.03,54897.00

103,13.79,13.90,0.03,54929.00

103,21.34,21.23,0.03,54962.00

103,12.02,12.14,0.03,54993.00

103,12.47,12.35,0.03,55026.00

103,12.20,12.32,0.03,55058.00

103,12.02,11.90,0.03,55091.00

103,13.38,13.49,0.03,55122.00

103,12.31,12.19,0.03,55155.00

103,12.31,12.42,0.03,55187.00

103,13.00,12.88,0.03,55220.00

103,11.58,11.70,0.03,55251.00

103,11.98,11.87,0.03,55284.00

103,13.27,13.38,0.03,55316.00

103,13.36,13.24,0.03,55349.00

103,10.30,10.42,0.03,55380.00

103,9.90,9.78,0.03,55412.00

103,9.74,9.85,0.03,55443.00

103,9.85,9.73,0.03,55473.00

103,10.61,10.72,0.03,55503.00

103,10.34,10.22,0.03,55535.00

103,10.17,10.29,0.03,55568.00

103,10.30,10.18,0.03,55600.00

103,10.61,10.72,0.03,55632.00

103,11.10,10.98,0.03,55664.00

103,11.37,11.48,0.03,55697.00

103,11.11,11.00,0.03,55729.00

103,10.61,10.72,0.03,55761.00

103,10.77,10.66,0.03,55793.00

103,11.66,11.77,0.03,55826.00

103,13.23,13.12,0.03,55858.00

103,14.82,14.94,0.03,55890.00

103,13.38,13.26,0.03,55922.00

103,12.91,13.02,0.03,55955.00

103,19.87,19.76,0.03,55988.00

103,13.41,13.53,0.03,56019.00

103,12.69,12.57,0.03,56051.00

103,57.29,57.38,0.03,56086.00

103,13.47,13.40,0.03,56116.00

103,12.63,12.70,0.03,56148.00

103,12.96,12.89,0.03,56180.00

103,11.58,11.65,0.03,56213.00

103,11.10,11.03,0.03,56245.00

103,11.91,11.98,0.03,56278.00

103,21.29,21.21,0.03,56310.00

103,56.42,56.47,0.03,56344.00

103,56.85,56.80,0.03,56376.00

103,15.53,15.61,0.03,56407.00

103,12.96,12.88,0.03,56438.00

103,55.99,56.04,0.03,56473.00

103,15.48,15.45,0.03,56503.00

103,13.36,13.38,0.03,56536.00

103,12.47,12.45,0.03,56567.00

103,13.43,13.45,0.03,56600.00

103,16.18,16.16,0.03,56632.00

103,55.97,55.97,0.03,56667.00

103,13.90,13.93,0.03,56696.00

103,55.55,55.50,0.03,56731.00

103,10.73,10.81,0.03,56761.00

103,10.30,10.22,0.03,56793.00

103,11.49,11.57,0.03,56825.00

103,10.57,10.49,0.03,56857.00

103,9.90,9.98,0.03,56890.00

103,9.97,9.90,0.03,56920.00

103,9.38,9.45,0.03,56950.00

103,11.11,11.03,0.03,56980.00

103,10.61,10.69,0.03,57013.00

103,10.06,9.99,0.03,57044.00

103,8.65,8.73,0.03,57075.00

103,8.87,8.79,0.03,57106.00

103,8.87,8.95,0.03,57136.00

103,8.11,8.03,0.03,57166.00

103,8.60,8.68,0.03,57196.00

103,9.30,9.22,0.03,57227.00

103,10.73,10.81,0.03,57256.00

103,12.13,12.05,0.03,57289.00

103,20.22,20.29,0.03,57322.00

103,12.40,12.33,0.03,57354.00

103,8.71,8.78,0.03,57385.00

103,59.51,59.41,0.03,57418.00

103,9.30,9.44,0.03,57448.00

103,9.52,9.39,0.03,57478.00

103,10.01,10.14,0.03,57508.00

103,10.34,10.20,0.03,57540.00

103,56.80,56.91,0.03,57576.00

103,24.51,24.42,0.03,57606.00

103,11.49,11.59,0.03,57637.00

103,11.01,10.91,0.03,57669.00

103,9.79,9.89,0.03,57702.00

103,16.51,16.41,0.03,57733.00

103,21.61,21.71,0.03,57764.00

103,21.39,21.30,0.03,57797.00

103,15.96,16.06,0.03,57829.00

103,25.59,25.49,0.03,57862.00

103,56.47,56.56,0.03,57895.00

103,30.59,30.52,0.03,57926.00

103,31.78,31.85,0.03,57959.00

103,14.06,14.01,0.03,57990.00

103,13.47,13.52,0.03,58022.00

103,36.42,36.35,0.03,58056.00

103,11.58,11.67,0.03,58087.00

103,11.60,11.52,0.03,58119.00

103,13.05,13.14,0.03,58151.00

103,13.38,13.29,0.03,58183.00

103,56.46,56.52,0.03,58218.00

103,11.64,11.61,0.03,58248.00

103,10.61,10.64,0.03,58280.00

103,10.39,10.36,0.03,58312.00

103,9.41,9.44,0.03,58345.00

103,9.63,9.60,0.03,58375.00

103,9.63,9.66,0.03,58404.00

103,8.54,8.51,0.03,58435.00

103,8.60,8.63,0.03,58465.00

103,8.92,8.89,0.03,58496.00

103,8.65,8.68,0.03,58525.00

103,8.98,8.95,0.03,58556.00

103,10.06,10.09,0.03,58586.00

103,10.06,10.03,0.03,58618.00

103,10.28,10.31,0.03,58650.00

103,10.28,10.25,0.03,58683.00

103,16.18,16.21,0.03,58715.00

103,14.01,13.98,0.03,58747.00

103,57.98,57.98,0.03,58782.00

103,11.86,11.89,0.03,58812.00

103,11.15,11.12,0.03,58844.00

103,12.24,12.27,0.03,58876.00

103,11.48,11.45,0.03,58908.00

103,13.25,13.28,0.03,58941.00

103,13.74,13.71,0.03,58973.00

103,13.30,13.33,0.03,59005.00

103,22.88,22.85,0.03,59038.00

103,12.78,12.82,0.03,59070.00

103,11.66,11.62,0.03,59102.00

103,13.52,13.56,0.03,59134.00

103,58.10,58.04,0.03,59169.00

103,12.89,12.98,0.03,59199.00

103,10.66,10.57,0.03,59231.00

103,9.03,9.13,0.03,59262.00

103,8.65,8.56,0.03,59293.00

103,8.98,9.07,0.03,59323.00

103,8.60,8.51,0.03,59354.00

103,9.47,9.56,0.03,59383.00

103,15.10,15.00,0.03,59414.00

103,12.07,12.17,0.03,59446.00

103,59.95,59.83,0.03,59481.00

103,8.49,8.65,0.03,59510.00

103,8.65,8.49,0.03,59540.00

103,32.47,32.62,0.03,59572.00

103,9.85,9.72,0.03,59602.00

103,8.98,9.11,0.03,59633.00

103,9.68,9.55,0.03,59663.00

103,9.25,9.38,0.03,59694.00

103,9.03,8.90,0.03,59723.00

103,9.52,9.65,0.03,59754.00

103,12.40,12.27,0.03,59784.00

103,11.04,11.17,0.03,59816.00

103,10.34,10.20,0.03,59848.00

103,11.64,11.77,0.03,59881.00

103,11.39,11.26,0.03,59913.00

103,10.50,10.63,0.03,59945.00

103,10.61,10.48,0.03,59977.00

103,10.68,10.81,0.03,60010.00

103,10.66,10.53,0.03,60042.00

103,11.91,12.04,0.03,60075.00

103,13.88,13.75,0.03,60106.00

103,14.77,14.90,0.03,60139.00

103,11.75,11.62,0.03,60171.00

103,9.52,9.65,0.03,60203.00

103,9.74,9.61,0.03,60233.00

103,11.11,11.24,0.03,60263.00

103,17.49,17.35,0.03,60296.00

103,10.95,11.09,0.03,60327.00

103,8.98,8.84,0.03,60360.00

103,9.03,9.17,0.03,60390.00

103,8.92,8.79,0.03,60421.00

103,8.98,9.11,0.03,60450.00

103,9.30,9.17,0.03,60481.00

103,8.87,9.00,0.03,60511.00

103,9.47,9.33,0.03,60541.00

103,8.92,9.06,0.03,60571.00

103,9.09,8.95,0.03,60601.00

103,8.92,9.06,0.03,60632.00

103,9.03,8.90,0.03,60661.00

103,8.92,9.06,0.03,60692.00

103,8.98,8.85,0.03,60722.00

103,9.30,9.44,0.03,60752.00

103,8.92,8.79,0.03,60782.00

103,8.82,8.95,0.03,60813.00

103,9.14,9.01,0.03,60843.00

103,8.76,8.89,0.03,60872.00

103,9.58,9.44,0.03,60903.00

103,9.74,9.87,0.03,60933.00

103,8.82,8.68,0.03,60963.00

103,8.98,9.11,0.03,60993.00

103,8.87,8.74,0.03,61024.00

103,8.60,8.73,0.03,61053.00

103,9.30,9.17,0.03,61084.00

103,9.74,9.87,0.03,61114.00

103,8.22,8.09,0.03,61144.00

103,8.38,8.51,0.03,61174.00

103,8.82,8.69,0.03,61204.00

103,8.16,8.29,0.03,61235.00

103,9.52,9.39,0.03,61264.00

103,10.72,10.84,0.03,61295.00

103,9.85,9.72,0.03,61327.00

103,9.68,9.81,0.03,61358.00

103,10.77,10.64,0.03,61387.00

103,8.92,9.05,0.03,61420.00

103,9.58,9.45,0.03,61450.00

103,10.06,10.19,0.03,61480.00

103,9.36,9.23,0.03,61512.00

103,8.54,8.67,0.03,61543.00

103,8.11,7.98,0.03,61573.00

103,8.27,8.40,0.03,61602.00

103,9.63,9.50,0.03,61633.00

103,8.98,9.11,0.03,61663.00

103,8.92,8.79,0.03,61693.00

103,9.52,9.65,0.03,61723.00

103,8.98,8.85,0.03,61754.00

103,8.65,8.78,0.03,61784.00

