´522.23,0.00,0.00,50.83,8.00,20.83,0.00,0.00

133.13,522.23,0.00,51.86,11.00,21.86,20.83,0.00

101.88,133.13,522.23,51.37,28.00,21.37,21.86,20.83

115.98,101.88,133.13,51.48,54.00,21.48,21.37,21.86

65.49,115.98,101.88,49.49,54.00,19.49,21.48,21.37

159.42,65.49,115.98,51.59,52.00,21.59,19.49,21.48

139.47,159.42,65.49,52.40,54.00,22.40,21.59,19.49

116.69,139.47,159.42,52.08,53.00,22.08,22.40,21.59

62.68,116.69,139.47,49.60,54.00,19.60,22.08,22.40

159.59,62.68,116.69,51.42,53.00,21.42,19.60,22.08

131.44,159.59,62.68,51.70,53.00,21.70,21.42,19.60

219.32,131.44,159.59,55.35,53.00,25.35,21.70,21.42

68.67,219.32,131.44,52.18,54.00,22.18,25.35,21.70

125.52,68.67,219.32,51.86,53.00,21.86,22.18,25.35

90.55,125.52,68.67,50.14,54.00,20.14,21.86,22.18

146.43,90.55,125.52,50.94,51.00,20.94,20.14,21.86

144.32,146.43,90.55,51.42,53.00,21.42,20.94,20.14

164.75,144.32,146.43,52.56,53.00,22.56,21.42,20.94

116.40,164.75,144.32,51.48,55.00,21.48,22.56,21.42

104.78,116.40,164.75,50.08,54.00,20.08,21.48,22.56

237.20,104.78,116.40,54.19,54.00,24.19,20.08,21.48

76.50,237.20,104.78,50.99,53.00,20.99,24.19,20.08

157.13,76.50,237.20,51.59,54.00,21.59,20.99,24.19

149.52,157.13,76.50,51.70,53.00,21.70,21.59,20.99

111.76,149.52,157.13,50.21,53.00,20.21,21.70,21.59

78.51,111.76,149.52,47.64,53.00,17.64,20.21,21.70

113.54,78.51,111.76,46.94,54.00,16.94,17.64,20.21

164.33,113.54,78.51,48.35,53.00,18.35,16.94,17.64

55.77,164.33,113.54,45.09,52.00,15.09,18.35,16.94

176.53,55.77,164.33,47.26,53.00,17.26,15.09,18.35

16.83,176.53,55.77,42.57,54.00,12.57,17.26,15.09

93.83,16.83,176.53,41.87,52.00,11.87,12.57,17.26

99.76,93.83,16.83,41.50,51.00,11.50,11.87,12.57

132.38,99.76,93.83,42.48,51.00,12.48,11.50,11.87

117.85,132.38,99.76,42.65,53.00,12.65,12.48,11.50

52.90,117.85,132.38,40.15,53.00,10.15,12.65,12.48

119.51,52.90,117.85,40.78,53.00,10.78,10.15,12.65

166.20,119.51,52.90,43.12,52.00,13.12,10.78,10.15

125.02,166.20,119.51,43.30,53.00,13.30,13.12,10.78

57.95,125.02,166.20,40.73,55.00,10.73,13.30,13.12

85.65,57.95,125.02,39.75,53.00,9.75,10.73,13.30

105.93,85.65,57.95,39.75,50.00,9.75,9.75,10.73

88.96,105.93,85.65,39.04,50.00,9.04,9.75,9.75

88.78,88.96,105.93,38.45,50.00,8.45,9.04,9.75

98.63,88.78,88.96,38.34,49.00,8.34,8.45,9.04

112.32,98.63,88.78,38.77,47.00,8.77,8.34,8.45

89.31,112.32,98.63,38.17,49.00,8.17,8.77,8.34

107.32,89.31,112.32,38.39,49.00,8.39,8.17,8.77

109.05,107.32,89.31,38.61,50.00,8.61,8.39,8.17

120.33,109.05,107.32,39.21,49.00,9.21,8.61,8.39

115.88,120.33,109.05,39.48,52.00,9.48,9.21,8.61

194.68,115.88,120.33,42.81,51.00,12.81,9.48,9.21

86.36,194.68,115.88,41.11,52.00,11.11,12.81,9.48

117.59,86.36,194.68,40.96,52.00,10.96,11.11,12.81

116.77,117.59,86.36,40.78,52.00,10.78,10.96,11.11

117.12,116.77,117.59,40.62,54.00,10.62,10.78,10.96

103.92,117.12,116.77,39.93,54.00,9.93,10.62,10.78

81.21,103.92,117.12,38.45,53.00,8.45,9.93,10.62

93.83,81.21,103.92,37.74,50.00,7.74,8.45,9.93

100.35,93.83,81.21,37.41,50.00,7.41,7.74,8.45

89.73,100.35,93.83,36.71,49.00,6.71,7.41,7.74

93.45,89.73,100.35,36.27,48.00,6.27,6.71,7.41

94.44,93.45,89.73,35.95,49.00,5.95,6.27,6.71

96.87,94.44,93.45,35.77,48.00,5.77,5.95,6.27

159.92,96.87,94.44,38.12,48.00,8.12,5.77,5.95

69.45,159.92,96.87,36.36,48.00,6.36,8.12,5.77

99.59,69.45,159.92,36.15,50.00,6.15,6.36,8.12

111.66,99.59,69.45,36.44,49.00,6.44,6.15,6.36

111.80,111.66,99.59,36.65,49.00,6.65,6.44,6.15

110.67,111.80,111.66,36.76,49.00,6.76,6.65,6.44

107.19,110.67,111.80,36.69,51.00,6.69,6.76,6.65

125.94,107.19,110.67,37.36,51.00,7.36,6.69,6.76

77.69,125.94,107.19,35.95,52.00,5.95,7.36,6.69

149.95,77.69,125.94,37.69,49.00,7.69,5.95,7.36

247.85,149.95,77.69,42.95,50.00,12.95,7.69,5.95

-55.78,247.85,149.95,35.01,51.00,5.01,12.95,7.69

177.50,-55.78,247.85,37.96,52.00,7.96,5.01,12.95

23.32,177.50,-55.78,34.14,52.00,4.14,7.96,5.01

90.49,23.32,177.50,33.76,50.00,3.76,4.14,7.96

53.44,90.49,23.32,31.97,49.00,1.97,3.76,4.14

75.36,53.44,90.49,31.40,47.00,1.40,1.97,3.76

55.37,75.36,53.44,30.16,48.00,0.16,1.40,1.97

67.65,55.37,75.36,29.65,48.00,-0.35,0.16,1.40

190.32,67.65,55.37,34.14,49.00,4.14,-0.35,0.16

-22.60,190.32,67.65,29.21,50.00,-0.79,4.14,-0.35

49.93,-22.60,190.32,28.18,52.00,-1.82,-0.79,4.14

118.09,49.93,-22.60,30.08,52.00,0.08,-1.82,-0.79

29.70,118.09,49.93,28.07,51.00,-1.93,0.08,-1.82

92.89,29.70,118.09,29.00,51.00,-1.00,-1.93,0.08

41.67,92.89,29.70,27.69,52.00,-2.31,-1.00,-1.93

92.07,41.67,92.89,28.67,51.00,-1.33,-2.31,-1.00

39.75,92.07,41.67,27.37,50.00,-2.63,-1.33,-2.31

57.45,39.75,92.07,27.04,51.00,-2.96,-2.63,-1.33

70.55,57.45,39.75,27.31,51.00,-2.69,-2.96,-2.63

145.25,70.55,57.45,30.52,52.00,0.52,-2.69,-2.96

15.86,145.25,70.55,27.91,51.00,-2.09,0.52,-2.69

110.04,15.86,145.25,29.59,50.00,-0.41,-2.09,0.52

129.45,110.04,15.86,31.71,52.00,1.71,-0.41,-2.09

80.41,129.45,110.04,31.44,52.00,1.44,1.71,-0.41

145.41,80.41,129.45,33.81,52.00,3.81,1.44,1.71

114.61,145.41,80.41,34.46,50.00,4.46,3.81,1.44

212.66,114.61,145.41,38.88,50.00,8.88,4.46,3.81

103.20,212.66,114.61,38.01,50.00,8.01,8.88,4.46

111.65,103.20,212.66,37.63,51.00,7.63,8.01,8.88

129.36,111.65,103.20,38.01,52.00,8.01,7.63,8.01

138.69,129.36,111.65,38.66,51.00,8.66,8.01,7.63

127.67,138.69,129.36,38.72,51.00,8.72,8.66,8.01

134.05,127.67,138.69,38.99,50.00,8.99,8.72,8.66

133.38,134.05,127.67,39.15,51.00,9.15,8.99,8.72

187.09,133.38,134.05,41.40,51.00,11.40,9.15,8.99

70.43,187.09,133.38,38.50,53.00,8.50,11.40,9.15

127.63,70.43,187.09,38.45,50.00,8.45,8.50,11.40

126.63,127.63,70.43,38.34,51.00,8.34,8.45,8.50

115.81,126.63,127.63,37.79,50.00,7.79,8.34,8.45

97.30,115.81,126.63,36.60,51.00,6.60,7.79,8.34

101.26,97.30,115.81,35.79,50.00,5.79,6.60,7.79

110.72,101.26,97.30,35.50,50.00,5.50,5.79,6.60

93.78,110.72,101.26,34.57,50.00,4.57,5.50,5.79

88.53,93.78,110.72,33.61,49.00,3.61,4.57,5.50

95.28,88.53,93.78,33.11,49.00,3.11,3.61,4.57

123.35,95.28,88.53,33.81,48.00,3.81,3.11,3.61

91.82,123.35,95.28,33.11,50.00,3.11,3.81,3.11

127.95,91.82,123.35,33.97,48.00,3.97,3.11,3.81

116.77,127.95,91.82,34.21,50.00,4.21,3.97,3.11

90.60,116.77,127.95,33.34,50.00,3.34,4.21,3.97

109.59,90.60,116.77,33.40,50.00,3.40,3.34,4.21

76.98,109.59,90.60,32.13,49.00,2.13,3.40,3.34

95.68,76.98,109.59,31.86,50.00,1.86,2.13,3.40

87.18,95.68,76.98,31.30,49.00,1.30,1.86,2.13

108.03,87.18,95.68,31.68,47.00,1.68,1.30,1.86

85.57,108.03,87.18,31.08,49.00,1.08,1.68,1.30

111.22,85.57,108.03,31.62,49.00,1.62,1.08,1.68

136.79,111.22,85.57,33.07,50.00,3.07,1.62,1.08

152.99,136.79,111.22,34.86,50.00,4.86,3.07,1.62

38.09,152.99,136.79,31.69,51.00,1.69,4.86,3.07

88.86,38.09,152.99,31.19,50.00,1.19,1.69,4.86

103.17,88.86,38.09,31.35,49.00,1.35,1.19,1.69

73.69,103.17,88.86,30.30,48.00,0.30,1.35,1.19

89.26,73.69,103.17,30.08,49.00,0.08,0.30,1.35

89.53,89.26,73.69,29.92,49.00,-0.08,0.08,0.30

94.14,89.53,89.26,29.97,48.00,-0.03,-0.08,0.08

106.67,94.14,89.53,30.52,51.00,0.52,-0.03,-0.08

86.32,106.67,94.14,30.14,51.00,0.14,0.52,-0.03

110.72,86.32,106.67,30.81,50.00,0.81,0.14,0.52

134.60,110.72,86.32,32.29,50.00,2.29,0.81,0.14

105.09,134.60,110.72,32.29,49.00,2.29,2.29,0.81

158.37,105.09,134.60,34.41,52.00,4.41,2.29,2.29

83.66,158.37,105.09,33.11,51.00,3.11,4.41,2.29

182.58,83.66,158.37,36.00,50.00,6.00,3.11,4.41

62.02,182.58,83.66,33.49,49.00,3.49,6.00,3.11

119.41,62.02,182.58,33.76,49.00,3.76,3.49,6.00

110.18,119.41,62.02,33.59,50.00,3.59,3.76,3.49

86.47,110.18,119.41,32.51,51.00,2.51,3.59,3.76

326.69,86.47,110.18,41.22,50.00,11.22,2.51,3.59

-74.44,326.69,86.47,32.13,50.00,2.13,11.22,2.51

121.07,-74.44,326.69,32.67,51.00,2.67,2.13,11.22

100.88,121.07,-74.44,32.29,52.00,2.29,2.67,2.13

105.93,100.88,121.07,32.18,51.00,2.18,2.29,2.67

120.52,105.93,100.88,32.67,51.00,2.67,2.18,2.29

112.31,120.52,105.93,32.73,51.00,2.73,2.67,2.18

89.64,112.31,120.52,31.86,51.00,1.86,2.73,2.67

130.30,89.64,112.31,32.78,50.00,2.78,1.86,2.73

113.41,130.30,89.64,32.83,49.00,2.83,2.78,1.86

116.62,113.41,130.30,33.00,51.00,3.00,2.83,2.78

112.23,116.62,113.41,32.94,51.00,2.94,3.00,2.83

98.56,112.23,116.62,32.35,51.00,2.35,2.94,3.00

118.39,98.56,112.23,32.65,49.00,2.65,2.35,2.94

102.00,118.39,98.56,32.24,50.00,2.24,2.65,2.35

103.69,102.00,118.39,31.97,51.00,1.97,2.24,2.65

104.27,103.69,102.00,31.77,51.00,1.77,1.97,2.24

96.58,104.27,103.69,31.30,50.00,1.30,1.77,1.97

100.65,96.58,104.27,31.08,50.00,1.08,1.30,1.77

94.18,100.65,96.58,30.64,50.00,0.64,1.08,1.30

120.62,94.18,100.65,31.35,49.00,1.35,0.64,1.08

120.67,120.62,94.18,31.91,50.00,1.91,1.35,0.64

115.49,120.67,120.62,32.15,50.00,2.15,1.91,1.35

132.28,115.49,120.67,33.00,51.00,3.00,2.15,1.91

101.87,132.28,115.49,32.45,51.00,2.45,3.00,2.15

131.98,101.87,132.28,33.21,50.00,3.21,2.45,3.00

125.19,131.98,101.87,33.54,52.00,3.54,3.21,2.45

94.43,125.19,131.98,32.56,51.00,2.56,3.54,3.21

130.51,94.43,125.19,33.21,50.00,3.21,2.56,3.54

89.12,130.51,94.43,32.07,49.00,2.07,3.21,2.56

124.34,89.12,130.51,32.56,49.00,2.56,2.07,3.21

107.04,124.34,89.12,32.26,50.00,2.26,2.56,2.07

99.75,107.04,124.34,31.71,51.00,1.71,2.26,2.56

119.81,99.75,107.04,32.07,49.00,2.07,1.71,2.26

101.38,119.81,99.75,31.62,50.00,1.62,2.07,1.71

140.96,101.38,119.81,32.83,50.00,2.83,1.62,2.07

83.79,140.96,101.38,31.51,51.00,1.51,2.83,1.62

127.12,83.79,140.96,32.18,49.00,2.18,1.51,2.83

96.64,127.12,83.79,31.50,51.00,1.50,2.18,1.51

95.99,96.64,127.12,30.92,49.00,0.92,1.50,2.18

115.36,95.99,96.64,31.22,49.00,1.22,0.92,1.50

85.24,115.36,95.99,30.26,48.00,0.26,1.22,0.92

98.55,85.24,115.36,30.03,49.00,0.03,0.26,1.22

146.37,98.55,85.24,31.75,49.00,1.75,0.03,0.26

95.32,146.37,98.55,31.08,49.00,1.08,1.75,0.03

97.90,95.32,146.37,30.64,49.00,0.64,1.08,1.75

147.94,97.90,95.32,32.29,49.00,2.29,0.64,1.08

72.05,147.94,97.90,30.57,49.00,0.57,2.29,0.64

119.19,72.05,147.94,31.08,48.00,1.08,0.57,2.29

147.72,119.19,72.05,32.62,50.00,2.62,1.08,0.57

106.25,147.72,119.19,32.18,50.00,2.18,2.62,1.08

65.63,106.25,147.72,30.21,52.00,0.21,2.18,2.62

137.78,65.63,106.25,31.51,49.00,1.51,0.21,2.18

149.05,137.78,65.63,33.00,50.00,3.00,1.51,0.21

108.70,149.05,137.78,32.56,50.00,2.56,3.00,1.51

95.79,108.70,149.05,31.69,51.00,1.69,2.56,3.00

122.83,95.79,108.70,32.07,50.00,2.07,1.69,2.56

35.50,122.83,95.79,28.89,50.00,-1.11,2.07,1.69

105.03,35.50,122.83,29.12,50.00,-0.88,-1.11,2.07

135.66,105.03,35.50,30.54,52.00,0.54,-0.88,-1.11

123.35,135.66,105.03,31.17,52.00,1.17,0.54,-0.88

97.60,123.35,135.66,30.64,51.00,0.64,1.17,0.54

68.21,97.60,123.35,29.05,51.00,-0.95,0.64,1.17

86.83,68.21,97.60,28.53,50.00,-1.47,-0.95,0.64

99.49,86.83,68.21,28.62,49.00,-1.38,-1.47,-0.95

111.19,99.49,86.83,29.16,51.00,-0.84,-1.38,-1.47

244.60,111.19,99.49,34.92,52.00,4.92,-0.84,-1.38

88.55,244.60,111.19,33.27,53.00,3.27,4.92,-0.84

24.15,88.55,244.60,29.38,51.00,-0.62,3.27,4.92

108.75,24.15,88.55,29.65,49.00,-0.35,-0.62,3.27

179.09,108.75,24.15,32.67,51.00,2.67,-0.35,-0.62

64.82,179.09,108.75,30.52,52.00,0.52,2.67,-0.35

101.13,64.82,179.09,30.25,52.00,0.25,0.52,2.67

115.20,101.13,64.82,30.59,49.00,0.59,0.25,0.52

121.98,115.20,101.13,31.13,50.00,1.13,0.59,0.25

104.40,121.98,115.20,30.86,51.00,0.86,1.13,0.59

99.91,104.40,121.98,30.46,51.00,0.46,0.86,1.13

120.16,99.91,104.40,30.95,49.00,0.95,0.46,0.86

105.02,120.16,99.91,30.73,51.00,0.73,0.95,0.46

171.60,105.02,120.16,33.21,50.00,3.21,0.73,0.95

44.17,171.60,105.02,30.10,51.00,0.10,3.21,0.73

172.71,44.17,171.60,32.74,50.00,2.74,0.10,3.21

126.87,172.71,44.17,33.02,49.00,3.02,2.74,0.10

41.33,126.87,172.71,29.81,51.00,-0.19,3.02,2.74

86.33,41.33,126.87,29.05,51.00,-0.95,-0.19,3.02

138.23,86.33,41.33,30.52,51.00,0.52,-0.95,-0.19

133.91,138.23,86.33,31.51,50.00,1.51,0.52,-0.95

74.17,133.91,138.23,29.92,51.00,-0.08,1.51,0.52

70.62,74.17,133.91,28.51,52.00,-1.49,-0.08,1.51

89.21,70.62,74.17,28.13,50.00,-1.87,-1.49,-0.08

107.57,89.21,70.62,28.56,51.00,-1.44,-1.87,-1.49

124.64,107.57,89.21,29.59,52.00,-0.41,-1.44,-1.87

156.63,124.64,107.57,31.69,53.00,1.69,-0.41,-1.44

87.08,156.63,124.64,30.59,54.00,0.59,1.69,-0.41

109.20,87.08,156.63,30.59,50.00,0.59,0.59,1.69

101.08,109.20,87.08,30.26,50.00,0.26,0.59,0.59

169.34,101.08,109.20,32.73,50.00,2.73,0.26,0.59

68.11,169.34,101.08,30.64,51.00,0.64,2.73,0.26

121.60,68.11,169.34,31.12,51.00,1.12,0.64,2.73

90.93,121.60,68.11,30.26,49.00,0.26,1.12,0.64

118.86,90.93,121.60,30.70,49.00,0.70,0.26,1.12

178.76,118.86,90.93,33.43,50.00,3.43,0.70,0.26

38.12,178.76,118.86,29.99,49.00,-0.01,3.43,0.70

68.32,38.12,178.76,28.45,51.00,-1.55,-0.01,3.43

160.70,68.32,38.12,30.92,52.00,0.92,-1.55,-0.01

78.86,160.70,68.32,29.61,51.00,-0.39,0.92,-1.55

111.70,78.86,160.70,29.88,51.00,-0.12,-0.39,0.92

89.47,111.70,78.86,29.21,51.00,-0.79,-0.12,-0.39

224.90,89.47,111.70,34.08,52.00,4.08,-0.79,-0.12

145.52,224.90,89.47,34.79,53.00,4.79,4.08,-0.79

5.59,145.52,224.90,29.76,51.00,-0.24,4.79,4.08

118.92,5.59,145.52,30.26,49.00,0.26,-0.24,4.79

151.47,118.92,5.59,31.97,50.00,1.97,0.26,-0.24

43.15,151.47,118.92,29.00,50.00,-1.00,1.97,0.26

100.17,43.15,151.47,28.91,51.00,-1.09,-1.00,1.97

93.73,100.17,43.15,28.58,52.00,-1.42,-1.09,-1.00

126.01,93.73,100.17,29.61,52.00,-0.39,-1.42,-1.09

116.24,126.01,93.73,30.05,53.00,0.05,-0.39,-1.42

154.31,116.24,126.01,31.91,52.00,1.91,0.05,-0.39

49.54,154.31,116.24,29.21,53.00,-0.79,1.91,0.05

165.14,49.54,154.31,31.68,50.00,1.68,-0.79,1.91

126.02,165.14,49.54,32.07,51.00,2.07,1.68,-0.79

80.99,126.02,165.14,30.59,51.00,0.59,2.07,1.68

80.31,80.99,126.02,29.38,50.00,-0.62,0.59,2.07

78.65,80.31,80.99,28.35,50.00,-1.65,-0.62,0.59

103.25,78.65,80.31,28.51,50.00,-1.49,-1.65,-0.62

78.09,103.25,78.65,27.64,52.00,-2.36,-1.49,-1.65

103.46,78.09,103.25,27.97,52.00,-2.03,-2.36,-1.49

112.22,103.46,78.09,28.58,52.00,-1.42,-2.03,-2.36

114.33,112.22,103.46,29.16,54.00,-0.84,-1.42,-2.03

127.19,114.33,112.22,30.14,54.00,0.14,-0.84,-1.42

229.75,127.19,114.33,35.01,53.00,5.01,0.14,-0.84

82.36,229.75,127.19,33.00,52.00,3.00,5.01,0.14

54.23,82.36,229.75,30.26,50.00,0.26,3.00,5.01

147.50,54.23,82.36,31.80,49.00,1.80,0.26,3.00

120.95,147.50,54.23,31.97,49.00,1.97,1.80,0.26

112.39,120.95,147.50,31.75,50.00,1.75,1.97,1.80

110.96,112.39,120.95,31.51,50.00,1.51,1.75,1.97

71.76,110.96,112.39,29.76,51.00,-0.24,1.51,1.75

74.18,71.76,110.96,28.45,52.00,-1.55,-0.24,1.51

159.13,74.18,71.76,30.81,51.00,0.81,-1.55,-0.24

56.30,159.13,74.18,28.58,50.00,-1.42,0.81,-1.55

93.46,56.30,159.13,28.29,51.00,-1.71,-1.42,0.81

103.21,93.46,56.30,28.45,51.00,-1.55,-1.71,-1.42

101.20,103.21,93.46,28.51,53.00,-1.49,-1.55,-1.71

120.42,101.20,103.21,29.32,53.00,-0.68,-1.49,-1.55

135.85,120.42,101.20,30.59,53.00,0.59,-0.68,-1.49

125.08,135.85,120.42,31.17,53.00,1.17,0.59,-0.68

124.93,125.08,135.85,31.62,53.00,1.62,1.17,0.59

128.71,124.93,125.08,32.13,51.00,2.13,1.62,1.17

150.05,128.71,124.93,33.38,51.00,3.38,2.13,1.62

94.01,150.05,128.71,32.13,50.00,2.13,3.38,2.13

125.96,94.01,150.05,32.40,50.00,2.40,2.13,3.38

103.00,125.96,94.01,31.69,50.00,1.69,2.40,2.13

74.13,103.00,125.96,29.97,50.00,-0.03,1.69,2.40

88.10,74.13,103.00,29.16,51.00,-0.84,-0.03,1.69

63.48,88.10,74.13,27.53,51.00,-2.47,-0.84,-0.03

89.06,63.48,88.10,27.26,51.00,-2.74,-2.47,-0.84

126.97,89.06,63.48,28.56,50.00,-1.44,-2.74,-2.47

115.77,126.97,89.06,29.16,53.00,-0.84,-1.44,-2.74

146.43,115.77,126.97,30.86,53.00,0.86,-0.84,-1.44

125.62,146.43,115.77,31.39,53.00,1.39,0.86,-0.84

122.95,125.62,146.43,31.69,52.00,1.69,1.39,0.86

122.37,122.95,125.62,31.91,52.00,1.91,1.69,1.39

130.42,122.37,122.95,32.40,50.00,2.40,1.91,1.69

133.08,130.42,122.37,32.89,51.00,2.89,2.40,1.91

123.52,133.08,130.42,32.89,51.00,2.89,2.89,2.40

150.97,123.52,133.08,33.97,51.00,3.97,2.89,2.89

86.43,150.97,123.52,32.26,50.00,2.26,3.97,2.89

106.47,86.43,150.97,31.68,51.00,1.68,2.26,3.97

100.48,106.47,86.43,30.97,50.00,0.97,1.68,2.26

84.26,100.48,106.47,29.76,50.00,-0.24,0.97,1.68

92.15,84.26,100.48,29.11,50.00,-0.89,-0.24,0.97

136.89,92.15,84.26,30.37,51.00,0.37,-0.89,-0.24

107.49,136.89,92.15,30.21,52.00,0.21,0.37,-0.89

150.71,107.49,136.89,31.80,51.00,1.80,0.21,0.37

41.83,150.71,107.49,28.73,50.00,-1.27,1.80,0.21

135.95,41.83,150.71,30.03,51.00,0.03,-1.27,1.80

137.12,135.95,41.83,31.12,51.00,1.12,0.03,-1.27

161.78,137.12,135.95,32.96,52.00,2.96,1.12,0.03

37.03,161.78,137.12,29.45,50.00,-0.55,2.96,1.12

143.98,37.03,161.78,30.92,51.00,0.92,-0.55,2.96

388.41,143.98,37.03,41.83,52.00,11.83,0.92,-0.55

-20.53,388.41,143.98,34.19,51.00,4.19,11.83,0.92

26.80,-20.53,388.41,29.97,53.00,-0.03,4.19,11.83

119.32,26.80,-20.53,30.30,51.00,0.30,-0.03,4.19

63.81,119.32,26.80,28.35,51.00,-1.65,0.30,-0.03

78.27,63.81,119.32,27.37,51.00,-2.63,-1.65,0.30

119.41,78.27,63.81,28.24,51.00,-1.76,-2.63,-1.65

76.03,119.41,78.27,27.21,52.00,-2.79,-1.76,-2.63

96.91,76.03,119.41,27.22,52.00,-2.78,-2.79,-1.76

108.14,96.91,76.03,27.69,52.00,-2.31,-2.78,-2.79

108.08,108.14,96.91,28.07,52.00,-1.93,-2.31,-2.78

110.32,108.08,108.14,28.47,52.00,-1.53,-1.93,-2.31

104.51,110.32,108.08,28.56,55.00,-1.44,-1.53,-1.93

138.00,104.51,110.32,29.97,54.00,-0.03,-1.44,-1.53

115.66,138.00,104.51,30.21,54.00,0.21,-0.03,-1.44

95.54,115.66,138.00,29.59,54.00,-0.41,0.21,-0.03

125.51,95.54,115.66,30.30,52.00,0.30,-0.41,0.21

117.32,125.51,95.54,30.54,50.00,0.54,0.30,-0.41

147.15,117.32,125.51,31.91,51.00,1.91,0.54,0.30

94.81,147.15,117.32,30.92,51.00,0.92,1.91,0.54

195.58,94.81,147.15,34.14,51.00,4.14,0.92,1.91

221.78,195.58,94.81,37.74,50.00,7.74,4.14,0.92

-102.95,221.78,195.58,27.64,49.00,-2.36,7.74,4.14

101.60,-102.95,221.78,27.75,53.00,-2.25,-2.36,7.74

61.14,101.60,-102.95,26.23,54.00,-3.77,-2.25,-2.36

111.69,61.14,101.60,27.04,54.00,-2.96,-3.77,-2.25

-1.95,111.69,61.14,23.17,53.00,-6.83,-2.96,-3.77

51.86,-1.95,111.69,22.25,52.00,-7.75,-6.83,-2.96

421.49,51.86,-1.95,36.27,52.00,6.27,-7.75,-6.83

-245.75,421.49,51.86,20.83,50.00,-9.17,6.27,-7.75

66.44,-245.75,421.49,21.00,54.00,-9.00,-9.17,6.27

65.23,66.44,-245.75,21.11,53.00,-8.89,-9.00,-9.17

7.47,65.23,66.44,18.92,52.00,-11.08,-8.89,-9.00

52.26,7.47,65.23,18.99,51.00,-11.01,-11.08,-8.89

84.03,52.26,7.47,20.35,53.00,-9.65,-11.01,-11.08

120.15,84.03,52.26,22.90,52.00,-7.10,-9.65,-11.01

0.49,120.15,84.03,20.18,53.00,-9.82,-7.10,-9.65

69.03,0.49,120.15,20.78,50.00,-9.22,-9.82,-7.10

93.16,69.03,0.49,22.25,51.00,-7.75,-9.22,-9.82

153.58,93.16,69.03,25.85,51.00,-4.15,-7.75,-9.22

189.25,153.58,93.16,30.16,52.00,0.16,-4.15,-7.75

116.26,189.25,153.58,30.68,52.00,0.68,0.16,-4.15

85.39,116.26,189.25,29.87,52.00,-0.13,0.68,0.16

155.68,85.39,116.26,32.02,52.00,2.02,-0.13,0.68

174.03,155.68,85.39,34.46,51.00,4.46,2.02,-0.13

72.39,174.03,155.68,32.35,50.00,2.35,4.46,2.02

117.64,72.39,174.03,32.45,50.00,2.45,2.35,4.46

149.69,117.64,72.39,33.81,50.00,3.81,2.45,2.35

76.53,149.69,117.64,31.97,49.00,1.97,3.81,2.45

117.69,76.53,149.69,32.13,51.00,2.13,1.97,3.81

118.68,117.69,76.53,32.29,50.00,2.29,2.13,1.97

98.80,118.68,117.69,31.62,50.00,1.62,2.29,2.13

148.17,98.80,118.68,33.05,50.00,3.05,1.62,2.29

61.70,148.17,98.80,30.73,49.00,0.73,3.05,1.62

102.65,61.70,148.17,30.52,49.00,0.52,0.73,3.05

89.33,102.65,61.70,29.81,51.00,-0.19,0.52,0.73

107.98,89.33,102.65,29.99,49.00,-0.01,-0.19,0.52

107.08,107.98,89.33,30.10,52.00,0.10,-0.01,-0.19

127.61,107.08,107.98,31.01,52.00,1.01,0.10,-0.01

132.28,127.61,107.08,31.91,52.00,1.91,1.01,0.10

115.23,132.28,127.61,31.95,52.00,1.95,1.91,1.01

125.99,115.23,132.28,32.40,50.00,2.40,1.95,1.91

285.06,125.99,115.23,39.10,51.00,9.10,2.40,1.95

-33.84,285.06,125.99,31.69,51.00,1.69,9.10,2.40

112.99,-33.84,285.06,31.64,51.00,1.64,1.69,9.10

145.52,112.99,-33.84,32.89,51.00,2.89,1.64,1.69

88.53,145.52,112.99,31.60,51.00,1.60,2.89,1.64

99.37,88.53,145.52,31.01,50.00,1.01,1.60,2.89

107.31,99.37,88.53,30.84,49.00,0.84,1.01,1.60

88.85,107.31,99.37,29.97,48.00,-0.03,0.84,1.01

96.69,88.85,107.31,29.59,50.00,-0.41,-0.03,0.84

123.78,96.69,88.85,30.37,52.00,0.37,-0.41,-0.03

101.43,123.78,96.69,30.10,51.00,0.10,0.37,-0.41

103.69,101.43,123.78,29.97,50.00,-0.03,0.10,0.37

138.00,103.69,101.43,31.24,52.00,1.24,-0.03,0.10

99.13,138.00,103.69,30.70,52.00,0.70,1.24,-0.03

136.37,99.13,138.00,31.75,52.00,1.75,0.70,1.24

149.09,136.37,99.13,33.09,50.00,3.09,1.75,0.70

121.63,149.09,136.37,33.05,49.00,3.05,3.09,1.75

75.83,121.63,149.09,31.19,51.00,1.19,3.05,3.09

101.86,75.83,121.63,30.73,50.00,0.73,1.19,3.05

154.08,101.86,75.83,32.45,51.00,2.45,0.73,1.19

86.74,154.08,101.86,31.13,49.00,1.13,2.45,0.73

88.29,86.74,154.08,30.14,50.00,0.14,1.13,2.45

80.98,88.29,86.74,29.05,49.00,-0.95,0.14,1.13

91.74,80.98,88.29,28.62,48.00,-1.38,-0.95,0.14

115.30,91.74,80.98,29.21,50.00,-0.79,-1.38,-0.95

177.73,115.30,91.74,32.18,53.00,2.18,-0.79,-1.38

57.70,177.73,115.30,29.76,52.00,-0.24,2.18,-0.79

127.07,57.70,177.73,30.59,51.00,0.59,-0.24,2.18

70.52,127.07,57.70,29.00,51.00,-1.00,0.59,-0.24

95.50,70.52,127.07,28.73,51.00,-1.27,-1.00,0.59

167.55,95.50,70.52,31.39,52.00,1.39,-1.27,-1.00

169.81,167.55,95.50,33.59,51.00,3.59,1.39,-1.27

106.85,169.81,167.55,32.83,50.00,2.83,3.59,1.39

61.91,106.85,169.81,30.43,51.00,0.43,2.83,3.59

130.51,61.91,106.85,31.24,50.00,1.24,0.43,2.83

139.28,130.51,61.91,32.24,50.00,2.24,1.24,0.43

150.85,139.28,130.51,33.49,50.00,3.49,2.24,1.24

160.17,150.85,139.28,34.84,51.00,4.84,3.49,2.24

23.55,160.17,150.85,30.46,51.00,0.46,4.84,3.49

94.85,23.55,160.17,29.81,50.00,-0.19,0.46,4.84

94.25,94.85,23.55,29.27,49.00,-0.73,-0.19,0.46

139.10,94.25,94.85,30.63,51.00,0.63,-0.73,-0.19

64.34,139.10,94.25,28.73,51.00,-1.27,0.63,-0.73

277.90,64.34,139.10,35.73,51.00,5.73,-1.27,0.63

35.20,277.90,64.34,31.62,50.00,1.62,5.73,-1.27

50.33,35.20,277.90,28.94,50.00,-1.06,1.62,5.73

71.15,50.33,35.20,27.64,50.00,-2.36,-1.06,1.62

113.38,71.15,50.33,28.29,51.00,-1.71,-2.36,-1.06

225.03,113.38,71.15,33.27,52.00,3.27,-1.71,-2.36

93.04,225.03,113.38,31.97,51.00,1.97,3.27,-1.71

99.74,93.04,225.03,31.19,51.00,1.19,1.97,3.27

160.78,99.74,93.04,33.00,49.00,3.00,1.19,1.97

154.76,160.78,99.74,34.19,50.00,4.19,3.00,1.19

80.80,154.76,160.78,32.18,49.00,2.18,4.19,3.00

121.15,80.80,154.76,32.18,50.00,2.18,2.18,4.19

128.12,121.15,80.80,32.45,50.00,2.45,2.18,2.18

105.17,128.12,121.15,31.75,50.00,1.75,2.45,2.18

118.97,105.17,128.12,31.73,50.00,1.73,1.75,2.45

112.65,118.97,105.17,31.46,52.00,1.46,1.73,1.75

90.96,112.65,118.97,30.37,51.00,0.37,1.46,1.73

100.00,90.96,112.65,29.87,49.00,-0.13,0.37,1.46

131.01,100.00,90.96,30.70,51.00,0.70,-0.13,0.37

113.04,131.01,100.00,30.64,51.00,0.64,0.70,-0.13

111.46,113.04,131.01,30.54,53.00,0.54,0.64,0.70

76.90,111.46,113.04,29.07,50.00,-0.93,0.54,0.64

101.62,76.90,111.46,28.89,51.00,-1.11,-0.93,0.54

116.05,101.62,76.90,29.32,52.00,-0.68,-1.11,-0.93

135.00,116.05,101.62,30.43,53.00,0.43,-0.68,-1.11

184.20,135.00,116.05,33.27,54.00,3.27,0.43,-0.68

-13.09,184.20,135.00,27.66,51.00,-2.34,3.27,0.43

98.51,-13.09,184.20,27.64,52.00,-2.36,-2.34,3.27

79.63,98.51,-13.09,26.88,52.00,-3.12,-2.36,-2.34

117.75,79.63,98.51,27.80,53.00,-2.20,-3.12,-2.36

29.22,117.75,79.63,25.02,51.00,-4.98,-2.20,-3.12

128.62,29.22,117.75,26.77,52.00,-3.23,-4.98,-2.20

-9.31,128.62,29.22,22.68,53.00,-7.32,-3.23,-4.98

31.11,-9.31,128.62,21.05,51.00,-8.95,-7.32,-3.23

30.34,31.11,-9.31,19.75,53.00,-10.25,-8.95,-7.32

46.10,30.34,31.11,19.37,52.00,-10.63,-10.25,-8.95

42.02,46.10,30.34,18.93,53.00,-11.07,-10.63,-10.25

48.51,42.02,46.10,18.88,54.00,-11.12,-11.07,-10.63

3.38,48.51,42.02,17.07,54.00,-12.93,-11.12,-11.07

79.91,3.38,48.51,18.72,53.00,-11.28,-12.93,-11.12

209.97,79.91,3.38,25.25,53.00,-4.75,-11.28,-12.93

-49.52,209.97,79.91,20.13,53.00,-9.87,-4.75,-11.28

311.81,-49.52,209.97,30.48,55.00,0.48,-9.87,-4.75

-90.85,311.81,-49.52,22.68,53.00,-7.32,0.48,-9.87

637.42,-90.85,311.81,45.52,54.00,15.52,-7.32,0.48

-369.28,637.42,-90.85,23.55,51.00,-6.45,15.52,-7.32

97.41,-369.28,637.42,24.65,56.00,-5.35,-6.45,15.52

170.24,97.41,-369.28,28.45,54.00,-1.55,-5.35,-6.45

-10.75,170.24,97.41,24.27,54.00,-5.73,-1.55,-5.35

61.55,-10.75,170.24,23.84,52.00,-6.16,-5.73,-1.55

77.50,61.55,-10.75,24.15,54.00,-5.85,-6.16,-5.73

173.48,77.50,61.55,28.24,52.00,-1.76,-5.85,-6.16

65.66,173.48,77.50,27.21,52.00,-2.79,-1.76,-5.85

-38.28,65.66,173.48,22.25,52.00,-7.75,-2.79,-1.76

158.83,-38.28,65.66,26.17,54.00,-3.83,-7.75,-2.79

-41.66,158.83,-38.28,21.32,52.00,-8.68,-3.83,-7.75

27.48,-41.66,158.83,20.24,54.00,-9.76,-8.68,-3.83

30.77,27.48,-41.66,19.53,53.00,-10.47,-9.76,-8.68

-44.86,30.77,27.48,15.98,53.00,-14.02,-10.47,-9.76

-45.76,-44.86,30.77,13.16,54.00,-16.84,-14.02,-10.47

-21.41,-45.76,-44.86,11.93,56.00,-18.07,-16.84,-14.02

-29.47,-21.41,-45.76,10.68,56.00,-19.32,-18.07,-16.84

25.38,-29.47,-21.41,11.93,58.00,-18.07,-19.32,-18.07

-130.76,25.38,-29.47,6.75,56.00,-23.25,-18.07,-19.32

-95.69,-130.76,25.38,4.09,56.00,-25.91,-23.25,-18.07

83906.41,-95.69,-130.76,3352.08,243.00,3322.08,-25.91,-23.25

-66794.53,83906.41,-95.69,2.52,9.00,-27.48,3322.08,-25.91

262.77,-66794.53,83906.41,5.23,56.00,-24.77,-27.48,3322.08

212.06,262.77,-66794.53,5.45,62.00,-24.55,-24.77,-27.48

175.92,212.06,262.77,4.25,59.00,-25.75,-24.55,-24.77

218.31,175.92,212.06,5.07,56.00,-24.93,-25.75,-24.55

207.41,218.31,175.92,5.36,56.00,-24.64,-24.93,-25.75

185.70,207.41,218.31,4.80,56.00,-25.20,-24.64,-24.93

178.69,185.70,207.41,4.15,57.00,-25.85,-25.20,-24.64

192.51,178.69,185.70,4.25,56.00,-25.75,-25.85,-25.20

178.87,192.51,178.69,3.87,55.00,-26.13,-25.75,-25.85

181.79,178.87,192.51,3.76,57.00,-26.24,-26.13,-25.75

195.61,181.79,178.87,4.31,56.00,-25.69,-26.24,-26.13

188.27,195.61,181.79,4.53,56.00,-25.47,-25.69,-26.24

162.95,188.27,195.61,3.76,57.00,-26.24,-25.47,-25.69

174.83,162.95,188.27,3.71,56.00,-26.29,-26.24,-25.47

184.84,174.83,162.95,4.15,55.00,-25.85,-26.29,-26.24

237.30,184.84,174.83,6.66,57.00,-23.34,-25.85,-26.29

174.33,237.30,184.84,6.23,56.00,-23.77,-23.34,-25.85

171.71,174.33,237.30,5.85,56.00,-24.15,-23.77,-23.34

196.56,171.71,174.33,6.61,57.00,-23.39,-24.15,-23.77

198.21,196.56,171.71,7.35,56.00,-22.65,-23.39,-24.15

113.59,198.21,196.56,4.63,56.00,-25.37,-22.65,-23.39

145.56,113.59,198.21,3.82,56.00,-26.18,-25.37,-22.65

159.89,145.56,113.59,3.82,56.00,-26.18,-26.18,-25.37

170.18,159.89,145.56,4.31,56.00,-25.69,-26.18,-26.18

153.03,170.18,159.89,4.09,56.00,-25.91,-25.69,-26.18

133.65,153.03,170.18,3.22,57.00,-26.78,-25.91,-25.69

152.19,133.65,153.03,3.35,56.00,-26.65,-26.78,-25.91

149.93,152.19,133.65,3.44,55.00,-26.56,-26.65,-26.78

170.64,149.93,152.19,4.42,57.00,-25.58,-26.56,-26.65

132.83,170.64,149.93,3.76,56.00,-26.24,-25.58,-26.56

145.26,132.83,170.64,3.82,56.00,-26.18,-26.24,-25.58

140.85,145.26,132.83,3.76,57.00,-26.24,-26.18,-26.24

137.24,140.85,145.26,3.66,56.00,-26.34,-26.24,-26.18

148.33,137.24,140.85,4.09,55.00,-25.91,-26.34,-26.24

1634.57,148.33,137.24,63.79,61.00,33.79,-25.91,-26.34

-1011.48,1634.57,148.33,5.77,53.00,-24.23,33.79,-25.91

137.88,-1011.48,1634.57,5.41,58.00,-24.59,-24.23,33.79

104.70,137.88,-1011.48,3.87,59.00,-26.13,-24.59,-24.23

132.15,104.70,137.88,3.82,58.00,-26.18,-26.13,-24.59

138.08,132.15,104.70,4.09,56.00,-25.91,-26.18,-26.13

1436.50,138.08,132.15,56.17,59.00,26.17,-25.91,-26.18

-869.36,1436.50,138.08,5.67,54.00,-24.33,26.17,-25.91

136.11,-869.36,1436.50,5.56,57.00,-24.44,-24.33,26.17

148.70,136.11,-869.36,6.05,58.00,-23.95,-24.44,-24.33

147.12,148.70,136.11,6.44,57.00,-23.56,-23.95,-24.44

119.23,147.12,148.70,5.72,56.00,-24.28,-23.56,-23.95

130.53,119.23,147.12,5.67,57.00,-24.33,-24.28,-23.56

151.58,130.53,119.23,6.53,56.00,-23.47,-24.33,-24.28

92.95,151.58,130.53,4.96,55.00,-25.04,-23.47,-24.33

106.23,92.95,151.58,4.31,56.00,-25.69,-25.04,-23.47

115.98,106.23,92.95,4.25,55.00,-25.75,-25.69,-25.04

142.36,115.98,106.23,5.34,55.00,-24.66,-25.75,-25.69

102.45,142.36,115.98,4.69,57.00,-25.31,-24.66,-25.75

136.73,102.45,142.36,5.61,56.00,-24.39,-25.31,-24.66

106.91,136.73,102.45,5.23,55.00,-24.77,-24.39,-25.31

146.70,106.91,136.73,6.59,56.00,-23.41,-24.77,-24.39

115.07,146.70,106.91,6.48,57.00,-23.52,-23.41,-24.77

142.71,115.07,146.70,7.57,56.00,-22.43,-23.52,-23.41

108.41,142.71,115.07,7.13,56.00,-22.87,-22.43,-23.52

124.92,108.41,142.71,7.51,57.00,-22.49,-22.87,-22.43

102.46,124.92,108.41,6.99,56.00,-23.01,-22.49,-22.87

76.74,102.46,124.92,5.61,55.00,-24.39,-23.01,-22.49

120.13,76.74,102.46,6.32,56.00,-23.68,-24.39,-23.01

115.13,120.13,76.74,6.75,55.00,-23.25,-23.68,-24.39

72.01,115.13,120.13,5.45,55.00,-24.55,-23.25,-23.68

126.19,72.01,115.13,6.64,56.00,-23.36,-24.55,-23.25

1340.99,126.19,72.01,56.11,57.00,26.11,-23.36,-24.55

-724.84,1340.99,126.19,13.10,54.00,-16.90,26.11,-23.36

21.47,-724.84,1340.99,8.62,58.00,-21.38,-16.90,26.11

149.14,21.47,-724.84,10.19,56.00,-19.81,-21.38,-16.90

139.30,149.14,21.47,11.11,57.00,-18.89,-19.81,-21.38

259.22,139.30,149.14,16.69,56.00,-13.31,-18.89,-19.81

29.17,259.22,139.30,12.00,58.00,-18.00,-13.31,-18.89

130.65,29.17,259.22,12.36,56.00,-17.64,-18.00,-13.31

142.06,130.65,29.17,13.16,56.00,-16.84,-17.64,-18.00

187.50,142.06,130.65,15.66,57.00,-14.34,-16.84,-17.64

199.11,187.50,142.06,18.15,57.00,-11.85,-14.34,-16.84

195.01,199.11,187.50,20.02,57.00,-9.98,-11.85,-14.34

699.35,195.01,199.11,41.65,58.00,11.65,-9.98,-11.85

-201.23,699.35,195.01,22.95,53.00,-7.05,11.65,-9.98

91.86,-201.23,699.35,19.75,55.00,-10.25,-7.05,11.65

166.97,91.86,-201.23,20.22,56.00,-9.78,-10.25,-7.05

88.74,166.97,91.86,17.50,55.00,-12.50,-9.78,-10.25

76.75,88.74,166.97,14.90,53.00,-15.10,-12.50,-9.78

85.54,76.75,88.74,13.21,54.00,-16.79,-15.10,-12.50

120.67,85.54,76.75,13.32,55.00,-16.68,-16.79,-15.10

95.91,120.67,85.54,12.47,55.00,-17.53,-16.68,-16.79

129.32,95.91,120.67,13.18,55.00,-16.82,-17.53,-16.68

113.94,129.32,95.91,13.18,56.00,-16.82,-16.82,-17.53

116.31,113.94,129.32,13.32,56.00,-16.68,-16.82,-16.82

104.44,116.31,113.94,13.01,57.00,-16.99,-16.68,-16.82

110.68,104.44,116.31,13.07,58.00,-16.93,-16.99,-16.68

118.77,110.68,104.44,13.48,57.00,-16.52,-16.93,-16.99

70.17,118.77,110.68,11.93,57.00,-18.07,-16.52,-16.93

112.66,70.17,118.77,12.44,56.00,-17.56,-18.07,-16.52

1163.72,112.66,70.17,54.81,59.00,24.81,-17.56,-18.07

-771.64,1163.72,112.66,11.35,53.00,-18.65,24.81,-17.56

133.82,-771.64,1163.72,12.85,59.00,-17.15,-18.65,24.81

465.14,133.82,-771.64,27.31,59.00,-2.69,-17.15,-18.65

-291.80,465.14,133.82,8.67,56.00,-21.33,-2.69,-17.15

275.09,-291.80,465.14,16.47,57.00,-13.53,-21.33,-2.69

-155.64,275.09,-291.80,5.56,56.00,-24.44,-13.53,-21.33

43.12,-155.64,275.09,4.85,58.00,-25.15,-24.44,-13.53

17.23,43.12,-155.64,3.33,57.00,-26.67,-25.15,-24.44

48.36,17.23,43.12,3.44,54.00,-26.56,-26.67,-25.15

68.70,48.36,17.23,4.42,53.00,-25.58,-26.56,-26.67

69.02,68.70,48.36,5.29,53.00,-24.71,-25.58,-26.56

119.69,69.02,68.70,8.07,54.00,-21.93,-24.71,-25.58

92.25,119.69,69.02,9.27,54.00,-20.73,-21.93,-24.71

70.89,92.25,119.69,9.43,54.00,-20.57,-20.73,-21.93

275.32,70.89,92.25,17.77,55.00,-12.23,-20.57,-20.73

-17.30,275.32,70.89,12.80,55.00,-17.20,-12.23,-20.57

130.89,-17.30,275.32,14.79,56.00,-15.21,-17.20,-12.23

153.93,130.89,-17.30,17.34,57.00,-12.66,-15.21,-17.20

161.84,153.93,130.89,19.73,58.00,-10.27,-12.66,-15.21

160.04,161.84,153.93,21.59,57.00,-8.41,-10.27,-12.66

82.63,160.04,161.84,20.02,55.00,-9.98,-8.41,-10.27

146.06,82.63,160.04,21.32,55.00,-8.68,-9.98,-8.41

164.27,146.06,82.63,23.11,53.00,-6.89,-8.68,-9.98

44.41,164.27,146.06,19.78,53.00,-10.22,-6.89,-8.68

129.77,44.41,164.27,20.56,54.00,-9.44,-10.22,-6.89

82.18,129.77,44.41,19.31,54.00,-10.69,-9.44,-10.22

77.30,82.18,129.77,18.15,54.00,-11.85,-10.69,-9.44

58.74,77.30,82.18,16.53,54.00,-13.47,-11.85,-10.69

57.63,58.74,77.30,15.22,55.00,-14.78,-13.47,-11.85

52.63,57.63,58.74,14.03,53.00,-15.97,-14.78,-13.47

114.81,52.63,57.63,15.60,54.00,-14.40,-15.97,-14.78

65.90,114.81,52.63,14.95,55.00,-15.05,-14.40,-15.97

191.27,65.90,114.81,19.48,56.00,-10.52,-15.05,-14.40

92.71,191.27,65.90,19.19,56.00,-10.81,-10.52,-15.05

133.55,92.71,191.27,20.62,55.00,-9.38,-10.81,-10.52

81.10,133.55,92.71,19.69,56.00,-10.31,-9.38,-10.81

128.75,81.10,133.55,20.89,53.00,-9.11,-10.31,-9.38

203.57,128.75,81.10,24.85,54.00,-5.15,-9.11,-10.31

148.86,203.57,128.75,25.85,54.00,-4.15,-5.15,-9.11

188.55,148.86,203.57,28.24,55.00,-1.76,-4.15,-5.15

128.38,188.55,148.86,27.75,54.00,-2.25,-1.76,-4.15

102.58,128.38,188.55,26.34,54.00,-3.66,-2.25,-1.76

86.98,102.58,128.38,24.60,54.00,-5.40,-3.66,-2.25

144.47,86.98,102.58,25.52,53.00,-4.48,-5.40,-3.66

86.19,144.47,86.98,23.95,53.00,-6.05,-4.48,-5.40

75.92,86.19,144.47,22.30,52.00,-7.70,-6.05,-4.48

100.12,75.92,86.19,21.97,52.00,-8.03,-7.70,-6.05

62.46,100.12,75.92,20.24,52.00,-9.76,-8.03,-7.70

82.87,62.46,100.12,19.69,52.00,-10.31,-9.76,-8.03

133.80,82.87,62.46,21.32,53.00,-8.68,-10.31,-9.76

66.53,133.80,82.87,19.97,53.00,-10.03,-8.68,-10.31

159.65,66.53,133.80,22.63,55.00,-7.37,-10.03,-8.68

701.82,159.65,66.53,46.39,55.00,16.39,-7.37,-10.03

-301.49,701.82,159.65,25.29,52.00,-4.71,16.39,-7.37

-19.08,-301.49,701.82,19.73,55.00,-10.27,-4.71,16.39

70.86,-19.08,-301.49,18.92,57.00,-11.08,-10.27,-4.71

82.69,70.86,-19.08,18.77,55.00,-11.23,-11.08,-10.27

-20.55,82.69,70.86,14.57,55.00,-15.43,-11.23,-11.08

33.68,-20.55,82.69,13.43,56.00,-16.57,-15.43,-11.23

234.07,33.68,-20.55,20.56,55.00,-9.44,-16.57,-15.43

-143.47,234.07,33.68,11.22,54.00,-18.78,-9.44,-16.57

5.16,-143.47,234.07,9.76,56.00,-20.24,-18.78,-9.44

20.71,5.16,-143.47,9.27,55.00,-20.73,-20.24,-18.78

52.08,20.71,5.16,10.19,54.00,-19.81,-20.73,-20.24

14.43,52.08,20.71,9.48,53.00,-20.52,-19.81,-20.73

189.95,14.43,52.08,15.98,54.00,-14.02,-20.52,-19.81

-136.69,189.95,14.43,8.18,54.00,-21.82,-14.02,-20.52

192.90,-136.69,189.95,15.17,56.00,-14.83,-21.82,-14.02

-6.04,192.90,-136.69,12.85,58.00,-17.15,-14.83,-21.82

46.72,-6.04,192.90,13.16,58.00,-16.84,-17.15,-14.83

20.70,46.72,-6.04,12.42,55.00,-17.58,-16.84,-17.15

36.94,20.70,46.72,12.53,54.00,-17.47,-17.58,-16.84

22.57,36.94,20.70,12.09,54.00,-17.91,-17.47,-17.58

18.11,22.57,36.94,11.62,54.00,-18.38,-17.91,-17.47

43.85,18.11,22.57,12.33,54.00,-17.67,-18.38,-17.91

22.50,43.85,18.11,12.09,54.00,-17.91,-17.67,-18.38

32.67,22.50,43.85,12.36,55.00,-17.64,-17.91,-17.67

78.57,32.67,22.50,14.46,54.00,-15.54,-17.64,-17.91

181.56,78.57,32.67,20.29,54.00,-9.71,-15.54,-17.64

46.11,181.56,78.57,19.57,54.00,-10.43,-9.71,-15.54

129.70,46.11,181.56,22.35,54.00,-7.65,-10.43,-9.71

159.61,129.70,46.11,25.79,54.00,-4.21,-7.65,-10.43

142.26,159.61,129.70,27.86,54.00,-2.14,-4.21,-7.65

241.98,142.26,159.61,33.49,55.00,3.49,-2.14,-4.21

136.47,241.98,142.26,33.76,53.00,3.76,3.49,-2.14

159.91,136.47,241.98,34.90,52.00,4.90,3.76,3.49

323.11,159.91,136.47,42.30,51.00,12.30,4.90,3.76

15.30,323.11,159.91,35.89,53.00,5.89,12.30,4.90

161.59,15.30,323.11,36.60,50.00,6.60,5.89,12.30

108.03,161.59,15.30,35.01,51.00,5.01,6.60,5.89

157.96,108.03,161.59,35.71,50.00,5.71,5.01,6.60

126.57,157.96,108.03,35.01,51.00,5.01,5.71,5.01

161.94,126.57,157.96,35.84,51.00,5.84,5.01,5.71

150.72,161.94,126.57,36.04,51.00,6.04,5.84,5.01

227.98,150.72,161.94,39.26,51.00,9.26,6.04,5.84

69.83,227.98,150.72,35.50,51.00,5.50,9.26,6.04

147.36,69.83,227.98,35.57,50.00,5.57,5.50,9.26

113.19,147.36,69.83,34.25,49.00,4.25,5.57,5.50

124.96,113.19,147.36,33.65,51.00,3.65,4.25,5.57

111.31,124.96,113.19,32.62,51.00,2.62,3.65,4.25

121.25,111.31,124.96,32.18,50.00,2.18,2.62,3.65

109.22,121.25,111.31,31.35,51.00,1.35,2.18,2.62

96.93,109.22,121.25,30.19,51.00,0.19,1.35,2.18

238.12,96.93,109.22,34.90,50.00,4.90,0.19,1.35

-11.77,238.12,96.93,28.67,50.00,-1.33,4.90,0.19

100.86,-11.77,238.12,28.20,51.00,-1.80,-1.33,4.90

141.00,100.86,-11.77,29.43,53.00,-0.57,-1.80,-1.33

-18.46,141.00,100.86,24.06,53.00,-5.94,-0.57,-1.80

26.89,-18.46,141.00,21.59,55.00,-8.41,-5.94,-0.57

56.43,26.89,-18.46,20.83,53.00,-9.17,-8.41,-5.94

12.40,56.43,26.89,18.50,51.00,-11.50,-9.17,-8.41

-14.39,12.40,56.43,15.60,52.00,-14.40,-11.50,-9.17

8.41,-14.39,12.40,14.25,55.00,-15.75,-14.40,-11.50

8.51,8.41,-14.39,13.21,54.00,-16.79,-15.75,-14.40

-11.14,8.51,8.41,11.66,52.00,-18.34,-16.79,-15.75

15.89,-11.14,8.51,11.55,53.00,-18.45,-18.34,-16.79

39.83,15.89,-11.14,12.47,55.00,-17.53,-18.45,-18.34

56.36,39.83,15.89,13.92,55.00,-16.08,-17.53,-18.45

7.13,56.36,39.83,13.16,54.00,-16.84,-16.08,-17.53

86.43,7.13,56.36,15.77,53.00,-14.23,-16.84,-16.08

46.85,86.43,7.13,16.31,53.00,-13.69,-14.23,-16.84

129.37,46.85,86.43,20.07,53.00,-9.93,-13.69,-14.23

121.86,129.37,46.85,22.81,54.00,-7.19,-9.93,-13.69

-0.97,121.86,129.37,20.11,54.00,-9.89,-7.19,-9.93

85.36,-0.97,121.86,21.43,54.00,-8.57,-9.89,-7.19

152.69,85.36,-0.97,25.20,52.00,-4.80,-8.57,-9.89

100.18,152.69,85.36,26.12,52.00,-3.88,-4.80,-8.57

73.26,100.18,152.69,25.79,52.00,-4.21,-3.88,-4.80

114.86,73.26,100.18,27.21,54.00,-2.79,-4.21,-3.88

124.54,114.86,73.26,28.73,53.00,-1.27,-2.79,-4.21

158.03,124.54,114.86,31.28,53.00,1.28,-1.27,-2.79

133.86,158.03,124.54,32.35,53.00,2.35,1.28,-1.27

112.68,133.86,158.03,32.35,53.00,2.35,2.35,1.28

118.30,112.68,133.86,32.56,51.00,2.56,2.35,2.35

265.74,118.30,112.68,38.61,51.00,8.61,2.56,2.35

133.22,265.74,118.30,38.12,50.00,8.12,8.61,2.56

87.78,133.22,265.74,35.89,51.00,5.89,8.12,8.61

211.72,87.78,133.22,39.04,50.00,9.04,5.89,8.12

97.67,211.72,87.78,36.98,51.00,6.98,9.04,5.89

227.97,97.67,211.72,40.51,49.00,10.51,6.98,9.04

69.66,227.97,97.67,36.98,50.00,6.98,10.51,6.98

180.26,69.66,227.97,38.55,50.00,8.55,6.98,10.51

108.56,180.26,69.66,36.93,51.00,6.93,8.55,6.98

185.23,108.56,180.26,38.66,50.00,8.66,6.93,8.55

93.49,185.23,108.56,36.36,51.00,6.36,8.66,6.93

139.03,93.49,185.23,36.33,50.00,6.33,6.36,8.66

96.20,139.03,93.49,34.57,49.00,4.57,6.33,6.36

135.75,96.20,139.03,34.74,49.00,4.74,4.57,6.33

145.55,135.75,96.20,35.24,50.00,5.24,4.74,4.57

60.47,145.55,135.75,32.24,51.00,2.24,5.24,4.74

108.93,60.47,145.55,31.77,49.00,1.77,2.24,5.24

115.30,108.93,60.47,31.64,50.00,1.64,1.77,2.24

112.96,115.30,108.93,31.44,50.00,1.44,1.64,1.77

122.50,112.96,115.30,31.66,51.00,1.66,1.44,1.64

84.69,122.50,112.96,30.32,50.00,0.32,1.66,1.44

91.99,84.69,122.50,29.54,51.00,-0.46,0.32,1.66

83.01,91.99,84.69,28.56,50.00,-1.44,-0.46,0.32

347.54,83.01,91.99,38.34,50.00,8.34,-1.44,-0.46

94.13,347.54,83.01,36.00,51.00,6.00,8.34,-1.44

-30.28,94.13,347.54,29.16,49.00,-0.84,6.00,8.34

92.88,-30.28,94.13,28.62,52.00,-1.38,-0.84,6.00

95.46,92.88,-30.28,28.29,50.00,-1.71,-1.38,-0.84

125.00,95.46,92.88,29.21,52.00,-0.79,-1.71,-1.38

80.61,125.00,95.46,28.18,52.00,-1.82,-0.79,-1.71

84.77,80.61,125.00,27.53,52.00,-2.47,-1.82,-0.79

92.17,84.77,80.61,27.31,53.00,-2.69,-2.47,-1.82

96.31,92.17,84.77,27.31,50.00,-2.69,-2.69,-2.47

85.22,96.31,92.17,26.88,51.00,-3.12,-2.69,-2.69

84.14,85.22,96.31,26.50,51.00,-3.50,-3.12,-2.69

80.59,84.14,85.22,26.06,51.00,-3.94,-3.50,-3.12

116.21,80.59,84.14,27.15,51.00,-2.85,-3.94,-3.50

125.59,116.21,80.59,28.40,52.00,-1.60,-2.85,-3.94

84.16,125.59,116.21,27.75,53.00,-2.25,-1.60,-2.85

137.87,84.16,125.59,29.38,53.00,-0.62,-2.25,-1.60

117.49,137.87,84.16,29.87,54.00,-0.13,-0.62,-2.25

98.18,117.49,137.87,29.49,52.00,-0.51,-0.13,-0.62

111.19,98.18,117.49,29.70,53.00,-0.30,-0.51,-0.13

85.04,111.19,98.18,28.83,53.00,-1.17,-0.30,-0.51

125.47,85.04,111.19,29.76,52.00,-0.24,-1.17,-0.30

151.02,125.47,85.04,31.51,54.00,1.51,-0.24,-1.17

76.53,151.02,125.47,29.94,51.00,-0.06,1.51,-0.24

117.10,76.53,151.02,30.30,52.00,0.30,-0.06,1.51

94.90,117.10,76.53,29.70,51.00,-0.30,0.30,-0.06

56.45,94.90,117.10,27.69,52.00,-2.31,-0.30,0.30

81.48,56.45,94.90,27.10,50.00,-2.90,-2.31,-0.30

104.10,81.48,56.45,27.53,51.00,-2.47,-2.90,-2.31

87.06,104.10,81.48,27.21,52.00,-2.79,-2.47,-2.90

105.62,87.06,104.10,27.69,52.00,-2.31,-2.79,-2.47

250.44,105.62,87.06,33.87,54.00,3.87,-2.31,-2.79

-15.23,250.44,105.62,28.18,51.00,-1.82,3.87,-2.31

141.88,-15.23,250.44,29.92,53.00,-0.08,-1.82,3.87

96.22,141.88,-15.23,29.49,53.00,-0.51,-0.08,-1.82

76.28,96.22,141.88,28.35,54.00,-1.65,-0.51,-0.08

83.99,76.28,96.22,27.75,51.00,-2.25,-1.65,-0.51

82.15,83.99,76.28,27.21,51.00,-2.79,-2.25,-1.65

22.90,82.15,83.99,24.42,51.00,-5.58,-2.79,-2.25

42.83,22.90,82.15,23.01,50.00,-6.99,-5.58,-2.79

10.63,42.83,22.90,20.62,52.00,-9.38,-6.99,-5.58

50.91,10.63,42.83,20.35,51.00,-9.65,-9.38,-6.99

50.16,50.91,10.63,20.13,51.00,-9.87,-9.65,-9.38

72.83,50.16,50.91,20.89,50.00,-9.11,-9.87,-9.65

40.60,72.83,50.16,20.24,51.00,-9.76,-9.11,-9.87

95.11,40.60,72.83,21.92,51.00,-8.08,-9.76,-9.11

174.31,95.11,40.60,26.45,52.00,-3.55,-8.08,-9.76

98.52,174.31,95.11,27.04,52.00,-2.96,-3.55,-8.08

135.37,98.52,174.31,29.00,52.00,-1.00,-2.96,-3.55

147.94,135.37,98.52,31.06,53.00,1.06,-1.00,-2.96

234.29,147.94,135.37,36.15,53.00,6.15,1.06,-1.00

157.53,234.29,147.94,37.12,52.00,7.12,6.15,1.06

170.29,157.53,234.29,38.39,50.00,8.39,7.12,6.15

144.21,170.29,157.53,38.34,51.00,8.34,8.39,7.12

148.65,144.21,170.29,38.45,51.00,8.45,8.34,8.39

163.45,148.65,144.21,39.10,52.00,9.10,8.45,8.34

144.29,163.45,148.65,38.83,50.00,8.83,9.10,8.45

203.49,144.29,163.45,40.94,51.00,10.94,8.83,9.10

52.57,203.49,144.29,36.58,52.00,6.58,10.94,8.83

297.80,52.57,203.49,42.86,51.00,12.86,6.58,10.94

-71.49,297.80,52.57,33.11,52.00,3.11,12.86,6.58

96.63,-71.49,297.80,32.02,51.00,2.02,3.11,12.86

122.59,96.63,-71.49,32.18,51.00,2.18,2.02,3.11

65.49,122.59,96.63,30.03,49.00,0.03,2.18,2.02

85.42,65.49,122.59,29.11,49.00,-0.89,0.03,2.18

254.96,85.42,65.49,35.13,50.00,5.13,-0.89,0.03

-28.60,254.96,85.42,28.62,51.00,-1.38,5.13,-0.89

96.17,-28.60,254.96,28.40,51.00,-1.60,-1.38,5.13

90.86,96.17,-28.60,28.02,52.00,-1.98,-1.60,-1.38

150.06,90.86,96.17,30.08,52.00,0.08,-1.98,-1.60

67.95,150.06,90.86,28.45,52.00,-1.55,0.08,-1.98

-3.07,67.95,150.06,24.33,50.00,-5.67,-1.55,0.08

17.32,-3.07,67.95,21.87,51.00,-8.13,-5.67,-1.55

-21.66,17.32,-3.07,18.37,50.00,-11.63,-8.13,-5.67

76.39,-21.66,17.32,19.53,53.00,-10.47,-11.63,-8.13

-0.67,76.39,-21.66,17.41,55.00,-12.59,-10.47,-11.63

-37.33,-0.67,76.39,14.30,55.00,-15.70,-12.59,-10.47

65.97,-37.33,-0.67,15.98,55.00,-14.02,-15.70,-12.59

-84.03,65.97,-37.33,11.39,54.00,-18.61,-14.02,-15.70

-27.52,-84.03,65.97,10.03,57.00,-19.97,-18.61,-14.02

6.31,-27.52,-84.03,10.35,56.00,-19.65,-19.97,-18.61

-12.58,6.31,-27.52,9.92,55.00,-20.08,-19.65,-19.97

-17.65,-12.58,6.31,9.43,54.00,-20.57,-20.08,-19.65

-42.10,-17.65,-12.58,8.13,54.00,-21.87,-20.57,-20.08

-41.27,-42.10,-17.65,7.19,56.00,-22.81,-21.87,-20.57

-78.62,-41.27,-42.10,5.01,57.00,-24.99,-22.81,-21.87

-24.80,-78.62,-41.27,5.50,55.00,-24.50,-24.99,-22.81

-66.37,-24.80,-78.62,4.31,56.00,-25.69,-24.50,-24.99

83593.25,-66.37,-24.80,3339.81,243.00,3309.81,-25.69,-24.50

-66551.09,83593.25,-66.37,2.52,9.00,-27.48,3309.81,-25.69

260.77,-66551.09,83593.25,5.23,54.00,-24.77,-27.48,3309.81

216.86,260.77,-66551.09,5.72,62.00,-24.28,-24.77,-27.48

178.03,216.86,260.77,4.63,59.00,-25.37,-24.28,-24.77

229.17,178.03,216.86,5.88,56.00,-24.12,-25.37,-24.28

196.93,229.17,178.03,5.67,57.00,-24.33,-24.12,-25.37

217.61,196.93,229.17,6.39,56.00,-23.61,-24.33,-24.12

214.97,217.61,196.93,6.93,56.00,-23.07,-23.61,-24.33

144.74,214.97,217.61,4.63,57.00,-25.37,-23.07,-23.61

262.80,144.74,214.97,7.58,56.00,-22.42,-25.37,-23.07

130.85,262.80,144.74,4.74,55.00,-25.26,-22.42,-25.37

183.07,130.85,262.80,4.63,57.00,-25.37,-25.26,-22.42

165.63,183.07,130.85,3.93,56.00,-26.07,-25.37,-25.26

192.78,165.63,183.07,4.53,56.00,-25.47,-26.07,-25.37

172.11,192.78,165.63,4.25,57.00,-25.75,-25.47,-26.07

84746.42,172.11,192.78,3376.97,243.00,3346.97,-25.75,-25.47

-67073.96,84746.42,172.11,2.41,10.00,-27.59,3346.97,-25.75

460.12,-67073.96,84746.42,4.20,55.00,-25.80,-27.59,3346.97

426.43,460.12,-67073.96,4.36,62.00,-25.64,-25.80,-27.59

467.54,426.43,460.12,6.21,60.00,-23.79,-25.64,-25.80

419.30,467.54,426.43,5.83,56.00,-24.17,-23.79,-25.64

382.88,419.30,467.54,4.15,55.00,-25.85,-24.17,-23.79

409.16,382.88,419.30,3.93,57.00,-26.07,-25.85,-24.17

397.93,409.16,382.88,3.38,56.00,-26.62,-26.07,-25.85

419.05,397.93,409.16,3.87,56.00,-26.13,-26.62,-26.07

429.11,419.05,397.93,4.74,57.00,-25.26,-26.13,-26.62

457.49,429.11,419.05,6.64,56.00,-23.36,-25.26,-26.13

429.07,457.49,429.11,7.10,56.00,-22.90,-23.36,-25.26

373.37,429.07,457.49,5.30,56.00,-24.70,-22.90,-23.36

429.15,373.37,429.07,6.17,56.00,-23.83,-24.70,-22.90

387.74,429.15,373.37,5.29,56.00,-24.71,-23.83,-24.70

368.23,387.74,429.15,3.87,57.00,-26.13,-24.71,-23.83

391.78,368.23,387.74,3.76,56.00,-26.24,-26.13,-24.71

416.49,391.78,368.23,4.74,56.00,-25.26,-26.24,-26.13

448.61,416.49,391.78,6.88,57.00,-23.12,-25.26,-26.24

375.11,448.61,416.49,5.72,55.00,-24.28,-23.12,-25.26

410.07,375.11,448.61,6.26,56.00,-23.74,-24.28,-23.12

337.52,410.07,375.11,3.87,56.00,-26.13,-23.74,-24.28

417.39,337.52,410.07,5.23,57.00,-24.77,-26.13,-23.74

359.78,417.39,337.52,4.09,56.00,-25.91,-24.77,-26.13

373.84,359.78,417.39,3.82,55.00,-26.18,-25.91,-24.77

378.67,373.84,359.78,3.87,57.00,-26.13,-26.18,-25.91

